4301226205 35756 0 14000
4301226205 3199 0 2000
4301226218 10868 0 3000
4301226218 0 0 0
4301226231 0 0 0
4301226231 0 0 0
4301226244 0 0 0
4301226244 0 0 0
4301226257 0 0 0
4301226257 0 0 0
4301226270 0 0 0
4301226270 0 0 0
4301226283 0 0 0
4301226283 0 0 0
4301226296 0 0 0
4301226296 0 0 0
4301226309 0 0 0
4301226309 0 0 0
4301226322 0 0 0
4301226322 0 0 0
4301226335 0 0 0
4301226335 0 0 0
4301226348 0 0 0
4301226348 0 0 0
4301226361 0 0 0
4301226361 0 0 0
4301226374 0 0 0
4301226374 0 0 0
4301226387 0 0 0
4301226387 0 0 0
4301226400 0 0 0
4301226400 0 0 0
4301226413 0 0 0
4301226413 0 0 0
4301226426 0 0 0
4301226426 0 0 0
4301226439 0 0 0
4301226439 0 0 0
4301226452 0 0 0
4301226452 2018 0 1000
4301226465 17095 0 7000
4301226465 0 0 0
4301226478 20437 0 7000
4301226478 0 0 0
4301226491 0 0 0
4301226491 0 0 0
4301226504 0 0 0
4301226504 0 0 0
4301226517 0 0 0
4301226517 0 0 0
4301226530 0 0 0
4301226530 0 0 0
4301226543 0 0 0
4301226543 0 0 0
4301226556 0 0 0
4301226556 0 0 0
4301226569 0 0 0
4301226569 0 0 0
4301226582 0 0 0
4301226582 0 0 0
4301226595 0 0 0
4301226595 0 0 0
4301226608 0 0 0
4301226608 0 0 0
4301226621 0 0 0
4301226621 0 0 0
4301226634 0 0 0
4301226634 0 0 0
4301226647 0 0 0
4301226647 0 0 0
4301226660 0 0 0
4301226660 0 0 0
4301226673 0 0 0
4301226673 0 0 0
4301226686 0 0 0
4301226686 0 0 0
4301226699 0 0 0
4301226699 1944 0 1000
4301226712 0 0 0
4301226712 0 0 0
4301226725 7509 0 3000
4301226725 0 0 0
4301226738 23370 0 8000
4301226738 0 0 0
4301226751 0 0 0
4301226751 0 0 0
4301226764 0 0 0
4301226764 0 0 0
4301226777 0 0 0
4301226777 0 0 0
4301226790 0 0 0
4301226790 0 0 0
4301226803 0 0 0
4301226803 0 0 0
4301226816 0 0 0
4301226816 0 0 0
4301226829 0 0 0
4301226829 0 0 0
4301226842 0 0 0
4301226842 0 0 0
4301226855 0 0 0
4301226855 0 0 0
4301226868 0 0 0
4301226868 0 0 0
4301226881 0 0 0
4301226881 0 0 0
4301226894 0 0 0
4301226894 0 0 0
4301226907 0 0 0
4301226907 0 0 0
4301226920 0 0 0
4301226920 0 0 0
4301226933 0 0 0
4301226933 0 0 0
4301226946 0 0 0
4301226946 592 0 1000
4301226959 0 0 0
4301226959 1350 0 0
4301226972 0 0 0
4301226972 0 0 0
4301226985 2840 0 2000
4301226985 0 0 0
4301226998 22649 0 9000
4301226998 0 0 0
4301227011 0 0 0
4301227011 0 0 0
4301227024 0 0 0
4301227024 0 0 0
4301227037 0 0 0
4301227037 0 0 0
4301227050 0 0 0
4301227050 0 0 0
4301227063 0 0 0
4301227063 0 0 0
4301227076 0 0 0
4301227076 0 0 0
4301227089 0 0 0
4301227089 0 0 0
4301227102 0 0 0
4301227102 0 0 0
4301227115 0 0 0
4301227115 0 0 0
4301227128 0 0 0
4301227128 0 0 0
4301227141 0 0 0
4301227141 0 0 0
4301227154 0 0 0
4301227154 0 0 0
4301227167 0 0 0
4301227167 0 0 0
4301227180 0 0 0
4301227180 0 0 0
4301227193 0 0 0
4301227193 0 0 0
4301227206 0 0 0
4301227206 1951 0 1000
4301227219 0 0 0
4301227219 0 0 0
4301227232 0 0 0
4301227232 0 0 0
4301227245 1135 0 1000
4301227245 0 0 0
4301227258 20159 0 8000
4301227258 0 0 0
4301227271 0 0 0
4301227271 0 0 0
4301227284 0 0 0
4301227284 0 0 0
4301227297 0 0 0
4301227297 0 0 0
4301227310 0 0 0
4301227310 0 0 0
4301227323 0 0 0
4301227323 0 0 0
4301227336 0 0 0
4301227336 0 0 0
4301227349 0 0 0
4301227349 0 0 0
4301227362 0 0 0
4301227362 0 0 0
4301227375 0 0 0
4301227375 0 0 0
4301227388 0 0 0
4301227388 0 0 0
4301227401 0 0 0
4301227401 0 0 0
4301227414 0 0 0
4301227414 0 0 0
4301227427 0 0 0
4301227427 0 0 0
4301227440 0 0 0
4301227440 0 0 0
4301227453 0 0 0
4301227453 1933 0 1000
4301227466 0 0 0
4301227466 0 0 0
4301227479 0 0 0
4301227479 0 0 0
4301227492 0 0 0
4301227492 0 0 0
4301227505 2295 0 2000
4301227505 0 0 0
4301227518 15279 0 7000
4301227518 0 0 0
4301227531 0 0 0
4301227531 0 0 0
4301227544 0 0 0
4301227544 0 0 0
4301227557 0 0 0
4301227557 0 0 0
4301227570 0 0 0
4301227570 0 0 0
4301227583 0 0 0
4301227583 0 0 0
4301227596 0 0 0
4301227596 0 0 0
4301227609 0 0 0
4301227609 0 0 0
4301227622 0 0 0
4301227622 0 0 0
4301227635 0 0 0
4301227635 0 0 0
4301227648 0 0 0
4301227648 0 0 0
4301227661 0 0 0
4301227661 0 0 0
4301227674 0 0 0
4301227674 0 0 0
4301227687 0 0 0
4301227687 0 0 0
4301227700 0 0 0
4301227700 1864 0 1000
4301227713 0 0 0
4301227713 0 0 0
4301227726 0 0 0
4301227726 0 0 0
4301227739 0 0 0
4301227739 0 0 0
4301227752 0 0 0
4301227752 0 0 0
4301227765 6136 0 3000
4301227765 0 0 0
4301227778 8256 0 3000
4301227778 0 0 0
4301227791 0 0 0
4301227791 0 0 0
4301227804 0 0 0
4301227804 0 0 0
4301227817 0 0 0
4301227817 0 0 0
4301227830 0 0 0
4301227830 0 0 0
4301227843 0 0 0
4301227843 0 0 0
4301227856 0 0 0
4301227856 0 0 0
4301227869 0 0 0
4301227869 0 0 0
4301227882 0 0 0
4301227882 0 0 0
4301227895 0 0 0
4301227895 0 0 0
4301227908 0 0 0
4301227908 0 0 0
4301227921 0 0 0
4301227921 0 0 0
4301227934 0 0 0
4301227934 0 0 0
4301227947 0 0 0
4301227947 0 0 0
4301227960 0 0 0
4301227960 1849 0 1000
4301227973 0 0 0
4301227973 0 0 0
4301227986 0 0 0
4301227986 0 0 0
4301227999 0 0 0
4301227999 0 0 0
4301228012 0 0 0
4301228012 0 0 0
4301228025 11933 0 6000
4301228025 0 0 0
4301228038 0 0 0
4301228038 0 0 0
4301228051 0 0 0
4301228051 0 0 0
4301228064 0 0 0
4301228064 0 0 0
4301228077 0 0 0
4301228077 0 0 0
4301228090 0 0 0
4301228090 0 0 0
4301228103 0 0 0
4301228103 0 0 0
4301228116 0 0 0
4301228116 0 0 0
4301228129 0 0 0
4301228129 0 0 0
4301228142 0 0 0
4301228142 0 0 0
4301228155 0 0 0
4301228155 0 0 0
4301228168 0 0 0
4301228168 0 0 0
4301228181 0 0 0
4301228181 0 0 0
4301228194 0 0 0
4301228194 0 0 0
4301228207 0 0 0
4301228207 1861 0 0
4301228220 0 0 0
4301228220 0 0 0
4301228233 0 0 0
4301228233 0 0 0
4301228246 0 0 0
4301228246 0 0 0
4301228259 0 0 0
4301228259 0 0 0
4301228272 0 0 0
4301228272 0 0 0
4301228285 9944 0 5000
4301228285 0 0 0
4301228298 0 0 0
4301228298 0 0 0
4301228311 0 0 0
4301228311 0 0 0
4301228324 0 0 0
4301228324 0 0 0
4301228337 0 0 0
4301228337 0 0 0
4301228350 0 0 0
4301228350 0 0 0
4301228363 0 0 0
4301228363 0 0 0
4301228376 0 0 0
4301228376 0 0 0
4301228389 0 0 0
4301228389 0 0 0
4301228402 0 0 0
4301228402 0 0 0
4301228415 0 0 0
4301228415 0 0 0
4301228428 0 0 0
4301228428 0 0 0
4301228441 0 0 0
4301228441 0 0 0
4301228454 0 0 0
4301228454 1867 0 1000
4301228467 0 0 0
4301228467 0 0 0
4301228480 0 0 0
4301228480 0 0 0
4301228493 0 0 0
4301228493 0 0 0
4301228506 0 0 0
4301228506 0 0 0
4301228519 0 0 0
4301228519 0 0 0
4301228532 3878 0 3000
4301228532 0 0 0
4301228545 4234 0 2000
4301228545 0 0 0
4301228558 0 0 0
4301228558 0 0 0
4301228571 0 0 0
4301228571 0 0 0
4301228584 0 0 0
4301228584 0 0 0
4301228597 0 0 0
4301228597 0 0 0
4301228610 0 0 0
4301228610 0 0 0
4301228623 0 0 0
4301228623 0 0 0
4301228636 0 0 0
4301228636 0 0 0
4301228649 0 0 0
4301228649 0 0 0
4301228662 0 0 0
4301228662 0 0 0
4301228675 0 0 0
4301228675 0 0 0
4301228688 0 0 0
4301228688 0 0 0
4301228701 0 0 0
4301228701 0 0 0
4301228714 0 0 0
4301228714 1793 0 1000
4301228727 0 0 0
4301228727 0 0 0
4301228740 0 0 0
4301228740 0 0 0
4301228753 0 0 0
4301228753 0 0 0
4301228766 0 0 0
4301228766 0 0 0
4301228779 0 0 0
4301228779 0 0 0
4301228792 6686 0 4000
4301228792 0 0 0
4301228805 0 0 0
4301228805 0 0 0
4301228818 0 0 0
4301228818 0 0 0
4301228831 0 0 0
4301228831 0 0 0
4301228844 0 0 0
4301228844 0 0 0
4301228857 0 0 0
4301228857 0 0 0
4301228870 0 0 0
4301228870 0 0 0
4301228883 0 0 0
4301228883 0 0 0
4301228896 0 0 0
4301228896 0 0 0
4301228909 0 0 0
4301228909 0 0 0
4301228922 0 0 0
4301228922 0 0 0
4301228935 0 0 0
4301228935 0 0 0
4301228948 0 0 0
4301228948 0 0 0
4301228961 0 0 0
4301228961 1841 0 1000
4301228974 0 0 0
4301228974 0 0 0
4301228987 0 0 0
4301228987 0 0 0
4301229000 0 0 0
4301229000 0 0 0
4301229013 0 0 0
4301229013 0 0 0
4301229026 0 0 0
4301229026 0 0 0
4301229039 1173 0 1000
4301229039 0 0 0
4301229052 4351 0 2000
4301229052 0 0 0
4301229065 0 0 0
4301229065 0 0 0
4301229078 0 0 0
4301229078 0 0 0
4301229091 0 0 0
4301229091 0 0 0
4301229104 0 0 0
4301229104 0 0 0
4301229117 0 0 0
4301229117 0 0 0
4301229130 0 0 0
4301229130 0 0 0
4301229143 0 0 0
4301229143 0 0 0
4301229156 0 0 0
4301229156 0 0 0
4301229169 0 0 0
4301229169 0 0 0
4301229182 0 0 0
4301229182 0 0 0
4301229195 0 0 0
4301229195 0 0 0
4301229208 0 0 0
4301229208 1772 0 1000
4301229221 0 0 0
4301229221 0 0 0
4301229234 0 0 0
4301229234 0 0 0
4301229247 0 0 0
4301229247 0 0 0
4301229260 0 0 0
4301229260 0 0 0
4301229273 0 0 0
4301229273 0 0 0
4301229286 0 0 0
4301229286 0 0 0
4301229299 4633 0 4000
4301229299 0 0 0
4301229312 0 0 0
4301229312 0 0 0
4301229325 0 0 0
4301229325 0 0 0
4301229338 0 0 0
4301229338 0 0 0
4301229351 0 0 0
4301229351 0 0 0
4301229364 0 0 0
4301229364 0 0 0
4301229377 0 0 0
4301229377 0 0 0
4301229390 0 0 0
4301229390 0 0 0
4301229403 0 0 0
4301229403 0 0 0
4301229416 0 0 0
4301229416 0 0 0
4301229429 0 0 0
4301229429 0 0 0
4301229442 0 0 0
4301229442 0 0 0
4301229455 0 0 0
4301229455 1191 0 1000
4301229468 0 0 0
4301229468 551 0 0
4301229481 0 0 0
4301229481 0 0 0
4301229494 0 0 0
4301229494 0 0 0
4301229507 0 0 0
4301229507 0 0 0
4301229520 0 0 0
4301229520 0 0 0
4301229533 0 0 0
4301229533 0 0 0
4301229546 1251 0 1000
4301229546 0 0 0
4301229559 2572 0 1000
4301229559 0 0 0
4301229572 0 0 0
4301229572 0 0 0
4301229585 0 0 0
4301229585 0 0 0
4301229598 0 0 0
4301229598 0 0 0
4301229611 0 0 0
4301229611 0 0 0
4301229624 0 0 0
4301229624 0 0 0
4301229637 0 0 0
4301229637 0 0 0
4301229650 0 0 0
4301229650 0 0 0
4301229663 0 0 0
4301229663 0 0 0
4301229676 0 0 0
4301229676 0 0 0
4301229689 0 0 0
4301229689 0 0 0
4301229702 0 0 0
4301229702 0 0 0
4301229715 0 0 0
4301229715 1754 0 1000
4301229728 0 0 0
4301229728 0 0 0
4301229741 0 0 0
4301229741 0 0 0
4301229754 0 0 0
4301229754 0 0 0
4301229767 0 0 0
4301229767 0 0 0
4301229780 0 0 0
4301229780 0 0 0
4301229793 0 0 0
4301229793 0 0 0
4301229806 3058 0 3000
4301229806 0 0 0
4301229819 0 0 0
4301229819 0 0 0
4301229832 0 0 0
4301229832 0 0 0
4301229845 0 0 0
4301229845 0 0 0
4301229858 0 0 0
4301229858 0 0 0
4301229871 0 0 0
4301229871 0 0 0
4301229884 0 0 0
4301229884 0 0 0
4301229897 0 0 0
4301229897 0 0 0
4301229910 0 0 0
4301229910 0 0 0
4301229923 0 0 0
4301229923 0 0 0
4301229936 0 0 0
4301229936 0 0 0
4301229949 0 0 0
4301229949 0 0 0
4301229962 0 0 0
4301229962 1760 0 0
4301229975 0 0 0
4301229975 0 0 0
4301229988 0 0 0
4301229988 0 0 0
4301230001 0 0 0
4301230001 0 0 0
4301230014 0 0 0
4301230014 0 0 0
4301230027 0 0 0
4301230027 0 0 0
4301230040 0 0 0
4301230040 0 0 0
4301230053 2588 0 2000
4301230053 0 0 0
4301230066 0 0 0
4301230066 0 0 0
4301230079 0 0 0
4301230079 0 0 0
4301230092 0 0 0
4301230092 0 0 0
4301230105 0 0 0
4301230105 0 0 0
4301230118 0 0 0
4301230118 0 0 0
4301230131 0 0 0
4301230131 0 0 0
4301230144 0 0 0
4301230144 0 0 0
4301230157 0 0 0
4301230157 0 0 0
4301230170 0 0 0
4301230170 0 0 0
4301230183 0 0 0
4301230183 0 0 0
4301230196 0 0 0
4301230196 0 0 0
4301230209 0 0 0
4301230209 1728 0 1000
4301230222 0 0 0
4301230222 0 0 0
4301230235 0 0 0
4301230235 0 0 0
4301230248 0 0 0
4301230248 0 0 0
4301230261 0 0 0
4301230261 0 0 0
4301230274 0 0 0
4301230274 0 0 0
4301230287 0 0 0
4301230287 0 0 0
4301230300 0 0 0
4301230300 0 0 0
4301230313 2097 0 2000
4301230313 0 0 0
4301230326 0 0 0
4301230326 0 0 0
4301230339 0 0 0
4301230339 0 0 0
4301230352 0 0 0
4301230352 0 0 0
4301230365 0 0 0
4301230365 0 0 0
4301230378 0 0 0
4301230378 0 0 0
4301230391 0 0 0
4301230391 0 0 0
4301230404 0 0 0
4301230404 0 0 0
4301230417 0 0 0
4301230417 0 0 0
4301230430 0 0 0
4301230430 0 0 0
4301230443 0 0 0
4301230443 0 0 0
4301230456 0 0 0
4301230456 0 0 0
4301230469 0 0 0
4301230469 1871 0 1000
4301230482 0 0 0
4301230482 0 0 0
4301230495 0 0 0
4301230495 0 0 0
4301230508 0 0 0
4301230508 0 0 0
4301230521 0 0 0
4301230521 0 0 0
4301230534 0 0 0
4301230534 0 0 0
4301230547 0 0 0
4301230547 0 0 0
4301230560 1714 0 1000
4301230560 0 0 0
4301230573 0 0 0
4301230573 0 0 0
4301230586 0 0 0
4301230586 0 0 0
4301230599 0 0 0
4301230599 0 0 0
4301230612 0 0 0
4301230612 0 0 0
4301230625 0 0 0
4301230625 0 0 0
4301230638 0 0 0
4301230638 0 0 0
4301230651 0 0 0
4301230651 0 0 0
4301230664 0 0 0
4301230664 0 0 0
4301230677 0 0 0
4301230677 0 0 0
4301230690 0 0 0
4301230690 0 0 0
4301230703 0 0 0
4301230703 0 0 0
4301230716 0 0 0
4301230716 1712 0 1000
4301230729 0 0 0
4301230729 0 0 0
4301230742 0 0 0
4301230742 0 0 0
4301230755 0 0 0
4301230755 0 0 0
4301230768 0 0 0
4301230768 0 0 0
4301230781 0 0 0
4301230781 0 0 0
4301230794 0 0 0
4301230794 0 0 0
4301230807 0 0 1000
4301230807 0 0 0
4301230820 1438 0 1000
4301230820 0 0 0
4301230833 0 0 0
4301230833 0 0 0
4301230846 0 0 0
4301230846 0 0 0
4301230859 0 0 0
4301230859 0 0 0
4301230872 0 0 0
4301230872 0 0 0
4301230885 0 0 0
4301230885 0 0 0
4301230898 0 0 0
4301230898 0 0 0
4301230911 0 0 0
4301230911 0 0 0
4301230924 0 0 0
4301230924 0 0 0
4301230937 0 0 0
4301230937 0 0 0
4301230950 0 0 0
4301230950 0 0 0
4301230963 0 0 0
4301230963 1638 0 1000
4301230976 0 0 0
4301230976 0 0 0
4301230989 0 0 0
4301230989 0 0 0
4301231002 0 0 0
4301231002 0 0 0
4301231015 0 0 0
4301231015 0 0 0
4301231028 0 0 0
4301231028 0 0 0
4301231041 0 0 0
4301231041 0 0 0
4301231054 0 0 0
4301231054 0 0 0
4301231067 1151 0 1000
4301231067 0 0 0
4301231080 0 0 0
4301231080 0 0 0
4301231093 0 0 0
4301231093 0 0 0
4301231106 0 0 0
4301231106 0 0 0
4301231119 0 0 0
4301231119 0 0 0
4301231132 0 0 0
4301231132 0 0 0
4301231145 0 0 0
4301231145 0 0 0
4301231158 0 0 0
4301231158 0 0 0
4301231171 0 0 0
4301231171 0 0 0
4301231184 0 0 0
4301231184 0 0 0
4301231197 0 0 0
4301231197 0 0 0
4301231210 0 0 0
4301231210 0 0 0
4301231223 0 0 0
4301231236 0 0 0
4301231249 0 0 0
4301231262 0 0 0
4301231275 0 0 0
4301231288 0 0 0
4301231301 0 0 0
4301231314 0 0 3000
4301231327 0 0 13000
