4301241405 8176 0 3000
4301241405 9425 0 3000
4301241405 9426 0 4000
4301241405 9425 0 4000
4301241405 9426 0 3000
4301241405 9424 0 5000
4301241405 9426 0 4000
4301241405 9425 0 3000
4301241405 9425 0 4000
4301241405 9424 0 3000
4301241405 9424 0 4000
4301241418 1249 0 0
4301241418 0 0 0
4301241418 0 0 0
4301241418 0 0 0
4301241418 0 0 0
4301241418 0 0 0
4301241418 0 0 0
4301241418 0 0 0
4301241418 0 0 0
4301241418 0 0 0
4301241418 0 0 0
4301241431 0 0 0
4301241431 0 0 0
4301241431 0 0 0
4301241431 0 0 0
4301241431 0 0 0
4301241431 0 0 0
4301241431 0 0 0
4301241431 0 0 0
4301241431 0 0 0
4301241431 0 0 0
4301241431 0 0 0
4301241444 0 0 0
4301241444 0 0 0
4301241444 0 0 0
4301241444 0 0 0
4301241444 0 0 0
4301241444 0 0 0
4301241444 0 0 0
4301241444 0 0 0
4301241444 0 0 0
4301241444 0 0 0
4301241444 0 0 0
4301241457 0 0 0
4301241457 0 0 0
4301241457 0 0 0
4301241457 0 0 0
4301241457 0 0 0
4301241457 0 0 0
4301241457 0 0 0
4301241457 0 0 0
4301241457 0 0 0
4301241457 0 0 0
4301241457 0 0 0
4301241470 0 0 0
4301241470 0 0 0
4301241470 0 0 0
4301241470 0 0 0
4301241470 0 0 0
4301241470 0 0 0
4301241470 0 0 0
4301241470 0 0 0
4301241470 0 0 0
4301241470 0 0 0
4301241470 0 0 0
4301241483 0 0 0
4301241483 0 0 0
4301241483 0 0 0
4301241483 0 0 0
4301241483 0 0 0
4301241483 0 0 0
4301241483 0 0 0
4301241483 0 0 0
4301241483 0 0 0
4301241483 0 0 0
4301241483 0 0 0
4301241496 0 0 0
4301241496 0 0 0
4301241496 0 0 0
4301241496 0 0 0
4301241496 0 0 0
4301241496 0 0 0
4301241496 0 0 0
4301241496 0 0 0
4301241496 0 0 0
4301241496 0 0 0
4301241496 0 0 0
4301241509 0 0 0
4301241509 0 0 0
4301241509 0 0 0
4301241509 0 0 0
4301241509 0 0 0
4301241509 0 0 0
4301241509 0 0 0
4301241509 0 0 0
4301241509 0 0 0
4301241509 0 0 0
4301241509 0 0 0
4301241522 0 0 0
4301241522 0 0 0
4301241522 0 0 0
4301241522 0 0 0
4301241522 0 0 0
4301241522 0 0 0
4301241522 0 0 0
4301241522 0 0 0
4301241522 0 0 0
4301241522 0 0 0
4301241522 0 0 0
4301241535 0 0 0
4301241535 0 0 0
4301241535 0 0 0
4301241535 0 0 0
4301241535 0 0 0
4301241535 0 0 0
4301241535 0 0 0
4301241535 0 0 0
4301241535 0 0 0
4301241535 0 0 0
4301241535 0 0 0
4301241548 0 0 0
4301241548 0 0 0
4301241548 0 0 0
4301241548 0 0 0
4301241548 0 0 0
4301241548 0 0 0
4301241548 0 0 0
4301241548 0 0 0
4301241548 0 0 0
4301241548 0 0 0
4301241548 0 0 0
4301241561 0 0 0
4301241561 0 0 0
4301241561 0 0 0
4301241561 0 0 0
4301241561 0 0 0
4301241561 0 0 0
4301241561 0 0 0
4301241561 0 0 0
4301241561 0 0 0
4301241561 0 0 0
4301241561 0 0 0
4301241574 0 0 0
4301241574 0 0 0
4301241574 0 0 0
4301241574 0 0 0
4301241574 0 0 0
4301241574 0 0 0
4301241574 0 0 0
4301241574 0 0 0
4301241574 0 0 0
4301241574 0 0 0
4301241574 0 0 0
4301241587 0 0 0
4301241587 0 0 0
4301241587 0 0 0
4301241587 0 0 0
4301241587 0 0 0
4301241587 0 0 0
4301241587 0 0 0
4301241587 0 0 0
4301241587 0 0 0
4301241587 0 0 0
4301241587 0 0 0
4301241600 0 0 0
4301241600 0 0 0
4301241600 0 0 0
4301241600 0 0 0
4301241600 0 0 0
4301241600 0 0 0
4301241600 0 0 0
4301241600 0 0 0
4301241600 0 0 0
4301241600 0 0 0
4301241600 0 0 0
4301241613 0 0 0
4301241613 0 0 0
4301241613 0 0 0
4301241613 0 0 0
4301241613 0 0 0
4301241613 0 0 0
4301241613 0 0 0
4301241613 0 0 0
4301241613 0 0 0
4301241613 0 0 0
4301241613 0 0 0
4301241626 0 0 0
4301241626 0 0 0
4301241626 0 0 0
4301241626 0 0 0
4301241626 0 0 0
4301241626 0 0 0
4301241626 0 0 0
4301241626 0 0 0
4301241626 0 0 0
4301241626 0 0 0
4301241626 0 0 0
4301241639 0 0 0
4301241639 0 0 0
4301241639 0 0 0
4301241639 0 0 0
4301241639 0 0 0
4301241639 0 0 0
4301241639 0 0 0
4301241639 0 0 0
4301241639 0 0 0
4301241639 0 0 0
4301241639 0 0 0
4301241652 0 0 0
4301241652 0 0 0
4301241652 0 0 0
4301241652 7425 0 4000
4301241652 6035 0 3000
4301241652 7425 0 3000
4301241652 0 0 0
4301241652 2728 0 2000
4301241652 0 0 0
4301241652 7425 0 3000
4301241652 0 0 0
4301241665 7425 0 4000
4301241665 7425 0 2000
4301241665 7425 0 4000
4301241665 0 0 0
4301241665 1390 0 0
4301241665 0 0 0
4301241665 7425 0 3000
4301241665 4697 0 1000
4301241665 7425 0 3000
4301241665 0 0 0
4301241665 7425 0 2000
4301241678 0 0 0
4301241678 0 0 0
4301241678 0 0 0
4301241678 0 0 0
4301241678 0 0 0
4301241678 0 0 0
4301241678 0 0 0
4301241678 0 0 0
4301241678 0 0 0
4301241678 0 0 0
4301241678 0 0 0
4301241691 0 0 0
4301241691 0 0 0
4301241691 0 0 0
4301241691 0 0 0
4301241691 0 0 0
4301241691 0 0 0
4301241691 0 0 0
4301241691 0 0 0
4301241691 0 0 0
4301241691 0 0 0
4301241691 0 0 0
4301241704 0 0 0
4301241704 0 0 0
4301241704 0 0 0
4301241704 0 0 0
4301241704 0 0 0
4301241704 0 0 0
4301241704 0 0 0
4301241704 0 0 0
4301241704 0 0 0
4301241704 0 0 0
4301241704 0 0 0
4301241717 0 0 0
4301241717 0 0 0
4301241717 0 0 0
4301241717 0 0 0
4301241717 0 0 0
4301241717 0 0 0
4301241717 0 0 0
4301241717 0 0 0
4301241717 0 0 0
4301241717 0 0 0
4301241717 0 0 0
4301241730 0 0 0
4301241730 0 0 0
4301241730 0 0 0
4301241730 0 0 0
4301241730 0 0 0
4301241730 0 0 0
4301241730 0 0 0
4301241730 0 0 0
4301241730 0 0 0
4301241730 0 0 0
4301241730 0 0 0
4301241743 0 0 0
4301241743 0 0 0
4301241743 0 0 0
4301241743 0 0 0
4301241743 0 0 0
4301241743 0 0 0
4301241743 0 0 0
4301241743 0 0 0
4301241743 0 0 0
4301241743 0 0 0
4301241743 0 0 0
4301241756 0 0 0
4301241756 0 0 0
4301241756 0 0 0
4301241756 0 0 0
4301241756 0 0 0
4301241756 0 0 0
4301241756 0 0 0
4301241756 0 0 0
4301241756 0 0 0
4301241756 0 0 0
4301241756 0 0 0
4301241769 0 0 0
4301241769 0 0 0
4301241769 0 0 0
4301241769 0 0 0
4301241769 0 0 0
4301241769 0 0 0
4301241769 0 0 0
4301241769 0 0 0
4301241769 0 0 0
4301241769 0 0 0
4301241769 0 0 0
4301241782 0 0 0
4301241782 0 0 0
4301241782 0 0 0
4301241782 0 0 0
4301241782 0 0 0
4301241782 0 0 0
4301241782 0 0 0
4301241782 0 0 0
4301241782 0 0 0
4301241782 0 0 0
4301241782 0 0 0
4301241795 0 0 0
4301241795 0 0 0
4301241795 0 0 0
4301241795 0 0 0
4301241795 0 0 0
4301241795 0 0 0
4301241795 0 0 0
4301241795 0 0 0
4301241795 0 0 0
4301241795 0 0 0
4301241795 0 0 0
4301241808 0 0 0
4301241808 0 0 0
4301241808 0 0 0
4301241808 0 0 0
4301241808 0 0 0
4301241808 0 0 0
4301241808 0 0 0
4301241808 0 0 0
4301241808 0 0 0
4301241808 0 0 0
4301241808 0 0 0
4301241821 0 0 0
4301241821 0 0 0
4301241821 0 0 0
4301241821 0 0 0
4301241821 0 0 0
4301241821 0 0 0
4301241821 0 0 0
4301241821 0 0 0
4301241821 0 0 0
4301241821 0 0 0
4301241821 0 0 0
4301241834 0 0 0
4301241834 0 0 0
4301241834 0 0 0
4301241834 0 0 0
4301241834 0 0 0
4301241834 0 0 0
4301241834 0 0 0
4301241834 0 0 0
4301241834 0 0 0
4301241834 0 0 0
4301241834 0 0 0
4301241847 0 0 0
4301241847 0 0 0
4301241847 0 0 0
4301241847 0 0 0
4301241847 0 0 0
4301241847 0 0 0
4301241847 0 0 0
4301241847 0 0 0
4301241847 0 0 0
4301241847 0 0 0
4301241847 0 0 0
4301241860 0 0 0
4301241860 0 0 0
4301241860 0 0 0
4301241860 0 0 0
4301241860 0 0 0
4301241860 0 0 0
4301241860 0 0 0
4301241860 0 0 0
4301241860 0 0 0
4301241860 0 0 0
4301241860 0 0 0
4301241873 0 0 0
4301241873 0 0 0
4301241873 0 0 0
4301241873 0 0 0
4301241873 0 0 0
4301241873 0 0 0
4301241873 0 0 0
4301241873 0 0 0
4301241873 0 0 0
4301241873 0 0 0
4301241873 0 0 0
4301241886 0 0 0
4301241886 0 0 0
4301241886 0 0 0
4301241886 0 0 0
4301241886 0 0 0
4301241886 0 0 0
4301241886 0 0 0
4301241886 0 0 0
4301241886 0 0 0
4301241886 0 0 0
4301241886 0 0 0
4301241899 0 0 0
4301241899 0 0 0
4301241899 0 0 0
4301241899 0 0 0
4301241899 0 0 0
4301241899 0 0 0
4301241899 0 0 0
4301241899 0 0 0
4301241899 0 0 0
4301241899 3330 0 2000
4301241899 0 0 0
4301241912 6047 0 2000
4301241912 3214 0 2000
4301241912 2165 0 1000
4301241912 6047 0 3000
4301241912 6047 0 2000
4301241912 6047 0 3000
4301241912 2206 0 1000
4301241912 5554 0 3000
4301241912 4918 0 2000
4301241912 2717 0 1000
4301241912 0 0 0
4301241925 0 0 0
4301241925 2833 0 1000
4301241925 3882 0 2000
4301241925 0 0 0
4301241925 0 0 0
4301241925 0 0 0
4301241925 3841 0 1000
4301241925 493 0 0
4301241925 1129 0 0
4301241925 0 0 0
4301241925 6047 0 2000
4301241938 0 0 0
4301241938 0 0 0
4301241938 0 0 0
4301241938 0 0 0
4301241938 0 0 0
4301241938 0 0 0
4301241938 0 0 0
4301241938 0 0 0
4301241938 0 0 0
4301241938 0 0 0
4301241938 0 0 0
4301241951 0 0 0
4301241951 0 0 0
4301241951 0 0 0
4301241951 0 0 0
4301241951 0 0 0
4301241951 0 0 0
4301241951 0 0 0
4301241951 0 0 0
4301241951 0 0 0
4301241951 0 0 0
4301241951 0 0 0
4301241964 0 0 0
4301241964 0 0 0
4301241964 0 0 0
4301241964 0 0 0
4301241964 0 0 0
4301241964 0 0 0
4301241964 0 0 0
4301241964 0 0 0
4301241964 0 0 0
4301241964 0 0 0
4301241964 0 0 0
4301241977 0 0 0
4301241977 0 0 0
4301241977 0 0 0
4301241977 0 0 0
4301241977 0 0 0
4301241977 0 0 0
4301241977 0 0 0
4301241977 0 0 0
4301241977 0 0 0
4301241977 0 0 0
4301241977 0 0 0
4301241990 0 0 0
4301241990 0 0 0
4301241990 0 0 0
4301241990 0 0 0
4301241990 0 0 0
4301241990 0 0 0
4301241990 0 0 0
4301241990 0 0 0
4301241990 0 0 0
4301241990 0 0 0
4301241990 0 0 0
4301242003 0 0 0
4301242003 0 0 0
4301242003 0 0 0
4301242003 0 0 0
4301242003 0 0 0
4301242003 0 0 0
4301242003 0 0 0
4301242003 0 0 0
4301242003 0 0 0
4301242003 0 0 0
4301242003 0 0 0
4301242016 0 0 0
4301242016 0 0 0
4301242016 0 0 0
4301242016 0 0 0
4301242016 0 0 0
4301242016 0 0 0
4301242016 0 0 0
4301242016 0 0 0
4301242016 0 0 0
4301242016 0 0 0
4301242016 0 0 0
4301242029 0 0 0
4301242029 0 0 0
4301242029 0 0 0
4301242029 0 0 0
4301242029 0 0 0
4301242029 0 0 0
4301242029 0 0 0
4301242029 0 0 0
4301242029 0 0 0
4301242029 0 0 0
4301242029 0 0 0
4301242042 0 0 0
4301242042 0 0 0
4301242042 0 0 0
4301242042 0 0 0
4301242042 0 0 0
4301242042 0 0 0
4301242042 0 0 0
4301242042 0 0 0
4301242042 0 0 0
4301242042 0 0 0
4301242042 0 0 0
4301242055 0 0 0
4301242055 0 0 0
4301242055 0 0 0
4301242055 0 0 0
4301242055 0 0 0
4301242055 0 0 0
4301242055 0 0 0
4301242055 0 0 0
4301242055 0 0 0
4301242055 0 0 0
4301242055 0 0 0
4301242068 0 0 0
4301242068 0 0 0
4301242068 0 0 0
4301242068 0 0 0
4301242068 0 0 0
4301242068 0 0 0
4301242068 0 0 0
4301242068 0 0 0
4301242068 0 0 0
4301242068 0 0 0
4301242068 0 0 0
4301242081 0 0 0
4301242081 0 0 0
4301242081 0 0 0
4301242081 0 0 0
4301242081 0 0 0
4301242081 0 0 0
4301242081 0 0 0
4301242081 0 0 0
4301242081 0 0 0
4301242081 0 0 0
4301242081 0 0 0
4301242094 0 0 0
4301242094 0 0 0
4301242094 0 0 0
4301242094 0 0 0
4301242094 0 0 0
4301242094 0 0 0
4301242094 0 0 0
4301242094 0 0 0
4301242094 0 0 0
4301242094 0 0 0
4301242094 0 0 0
4301242107 0 0 0
4301242107 0 0 0
4301242107 0 0 0
4301242107 0 0 0
4301242107 0 0 0
4301242107 0 0 0
4301242107 0 0 0
4301242107 0 0 0
4301242107 0 0 0
4301242107 0 0 0
4301242107 0 0 0
4301242120 0 0 0
4301242120 0 0 0
4301242120 0 0 0
4301242120 0 0 0
4301242120 0 0 0
4301242120 0 0 0
4301242120 0 0 0
4301242120 0 0 0
4301242120 0 0 0
4301242120 0 0 0
4301242120 0 0 0
4301242133 0 0 0
4301242133 0 0 0
4301242133 0 0 0
4301242133 0 0 0
4301242133 0 0 0
4301242133 0 0 0
4301242133 0 0 0
4301242133 0 0 0
4301242133 0 0 0
4301242133 0 0 0
4301242133 0 0 0
4301242146 0 0 0
4301242146 0 0 0
4301242146 0 0 0
4301242146 0 0 0
4301242146 0 0 0
4301242146 0 0 0
4301242146 0 0 0
4301242146 0 0 0
4301242146 0 0 0
4301242146 0 0 0
4301242146 0 0 0
4301242159 0 0 0
4301242159 0 0 0
4301242159 0 0 0
4301242159 5055 0 2000
4301242159 5055 0 2000
4301242159 5055 0 2000
4301242159 0 0 0
4301242159 0 0 0
4301242159 0 0 0
4301242159 5055 0 2000
4301242159 0 0 0
4301242172 5055 0 2000
4301242172 5055 0 1000
4301242172 5055 0 3000
4301242172 0 0 0
4301242172 0 0 0
4301242172 0 0 0
4301242172 5055 0 2000
4301242172 5055 0 4000
4301242172 5055 0 2000
4301242172 0 0 0
4301242172 5055 0 2000
4301242185 0 0 0
4301242185 0 0 0
4301242185 0 0 0
4301242185 0 0 0
4301242185 0 0 0
4301242185 0 0 0
4301242185 0 0 0
4301242185 0 0 0
4301242185 0 0 0
4301242185 0 0 0
4301242185 0 0 0
4301242198 0 0 0
4301242198 0 0 0
4301242198 0 0 0
4301242198 0 0 0
4301242198 0 0 0
4301242198 0 0 0
4301242198 0 0 0
4301242198 0 0 0
4301242198 0 0 0
4301242198 0 0 0
4301242198 0 0 0
4301242211 0 0 0
4301242211 0 0 0
4301242211 0 0 0
4301242211 0 0 0
4301242211 0 0 0
4301242211 0 0 0
4301242211 0 0 0
4301242211 0 0 0
4301242211 0 0 0
4301242211 0 0 0
4301242211 0 0 0
4301242224 0 0 0
4301242224 0 0 0
4301242224 0 0 0
4301242224 0 0 0
4301242224 0 0 0
4301242224 0 0 0
4301242224 0 0 0
4301242224 0 0 0
4301242224 0 0 0
4301242224 0 0 0
4301242224 0 0 0
4301242237 0 0 0
4301242237 0 0 0
4301242237 0 0 0
4301242237 0 0 0
4301242237 0 0 0
4301242237 0 0 0
4301242237 0 0 0
4301242237 0 0 0
4301242237 0 0 0
4301242237 0 0 0
4301242237 0 0 0
4301242250 0 0 0
4301242250 0 0 0
4301242250 0 0 0
4301242250 0 0 0
4301242250 0 0 0
4301242250 0 0 0
4301242250 0 0 0
4301242250 0 0 0
4301242250 0 0 0
4301242250 0 0 0
4301242250 0 0 0
4301242263 0 0 0
4301242263 0 0 0
4301242263 0 0 0
4301242263 0 0 0
4301242263 0 0 0
4301242263 0 0 0
4301242263 0 0 0
4301242263 0 0 0
4301242263 0 0 0
4301242263 0 0 0
4301242263 0 0 0
4301242276 0 0 0
4301242276 0 0 0
4301242276 0 0 0
4301242276 0 0 0
4301242276 0 0 0
4301242276 0 0 0
4301242276 0 0 0
4301242276 0 0 0
4301242276 0 0 0
4301242276 0 0 0
4301242276 0 0 0
4301242289 0 0 0
4301242289 0 0 0
4301242289 0 0 0
4301242289 0 0 0
4301242289 0 0 0
4301242289 0 0 0
4301242289 0 0 0
4301242289 0 0 0
4301242289 0 0 0
4301242289 0 0 0
4301242289 0 0 0
4301242302 0 0 0
4301242302 0 0 0
4301242302 0 0 0
4301242302 0 0 0
4301242302 0 0 0
4301242302 0 0 0
4301242302 0 0 0
4301242302 0 0 0
4301242302 0 0 0
4301242302 0 0 0
4301242302 0 0 0
4301242315 0 0 0
4301242315 0 0 0
4301242315 0 0 0
4301242315 0 0 0
4301242315 0 0 0
4301242315 0 0 0
4301242315 0 0 0
4301242315 0 0 0
4301242315 0 0 0
4301242315 0 0 0
4301242315 0 0 0
4301242328 0 0 0
4301242328 0 0 0
4301242328 0 0 0
4301242328 0 0 0
4301242328 0 0 0
4301242328 0 0 0
4301242328 0 0 0
4301242328 0 0 0
4301242328 0 0 0
4301242328 0 0 0
4301242328 0 0 0
4301242341 0 0 0
4301242341 0 0 0
4301242341 0 0 0
4301242341 0 0 0
4301242341 0 0 0
4301242341 0 0 0
4301242341 0 0 0
4301242341 0 0 0
4301242341 0 0 0
4301242341 0 0 0
4301242341 0 0 0
4301242354 0 0 0
4301242354 0 0 0
4301242354 0 0 0
4301242354 0 0 0
4301242354 0 0 0
4301242354 0 0 0
4301242354 0 0 0
4301242354 0 0 0
4301242354 0 0 0
4301242354 0 0 0
4301242354 0 0 0
4301242367 0 0 0
4301242367 0 0 0
4301242367 0 0 0
4301242367 0 0 0
4301242367 0 0 0
4301242367 0 0 0
4301242367 0 0 0
4301242367 0 0 0
4301242367 0 0 0
4301242367 0 0 0
4301242367 0 0 0
4301242380 0 0 0
4301242380 0 0 0
4301242380 0 0 0
4301242380 0 0 0
4301242380 0 0 0
4301242380 0 0 0
4301242380 0 0 0
4301242380 0 0 0
4301242380 0 0 0
4301242380 0 0 0
4301242380 0 0 0
4301242393 0 0 0
4301242393 0 0 0
4301242393 0 0 0
4301242393 0 0 0
4301242393 0 0 0
4301242393 0 0 0
4301242393 0 0 0
4301242393 0 0 0
4301242393 0 0 0
4301242393 0 0 0
4301242393 0 0 0
4301242406 0 0 0
4301242406 0 0 0
4301242406 0 0 0
4301242406 1264 0 1000
4301242406 0 0 0
4301242406 0 0 0
4301242406 0 0 0
4301242406 0 0 0
4301242406 0 0 0
4301242406 4100 0 1000
4301242406 0 0 0
4301242419 4100 0 2000
4301242419 3092 0 2000
4301242419 0 0 0
4301242419 2836 0 1000
4301242419 4100 0 2000
4301242419 4100 0 2000
4301242419 4100 0 2000
4301242419 1397 0 1000
4301242419 3714 0 2000
4301242419 0 0 0
4301242419 0 0 0
4301242432 0 0 0
4301242432 1008 0 0
4301242432 4100 0 2000
4301242432 0 0 0
4301242432 0 0 0
4301242432 0 0 0
4301242432 0 0 0
4301242432 2703 0 1000
4301242432 386 0 0
4301242432 0 0 0
4301242432 4100 0 2000
4301242445 0 0 0
4301242445 0 0 0
4301242445 0 0 0
4301242445 0 0 0
4301242445 0 0 0
4301242445 0 0 0
4301242445 0 0 0
4301242445 0 0 0
4301242445 0 0 0
4301242445 0 0 0
4301242445 0 0 0
4301242458 0 0 0
4301242458 0 0 0
4301242458 0 0 0
4301242458 0 0 0
4301242458 0 0 0
4301242458 0 0 0
4301242458 0 0 0
4301242458 0 0 0
4301242458 0 0 0
4301242458 0 0 0
4301242458 0 0 0
4301242471 0 0 0
4301242471 0 0 0
4301242471 0 0 0
4301242471 0 0 0
4301242471 0 0 0
4301242471 0 0 0
4301242471 0 0 0
4301242471 0 0 0
4301242471 0 0 0
4301242471 0 0 0
4301242471 0 0 0
4301242484 0 0 0
4301242484 0 0 0
4301242484 0 0 0
4301242484 0 0 0
4301242484 0 0 0
4301242484 0 0 0
4301242484 0 0 0
4301242484 0 0 0
4301242484 0 0 0
4301242484 0 0 0
4301242484 0 0 0
4301242497 0 0 0
4301242497 0 0 0
4301242497 0 0 0
4301242497 0 0 0
4301242497 0 0 0
4301242497 0 0 0
4301242497 0 0 0
4301242497 0 0 0
4301242497 0 0 0
4301242497 0 0 0
4301242497 0 0 0
4301242510 0 0 0
4301242510 0 0 0
4301242510 0 0 0
4301242510 0 0 0
4301242510 0 0 0
4301242510 0 0 0
4301242510 0 0 0
4301242510 0 0 0
4301242510 0 0 0
4301242510 0 0 0
4301242510 0 0 0
4301242523 0 0 0
4301242523 0 0 0
4301242523 0 0 0
4301242523 0 0 0
4301242523 0 0 0
4301242523 0 0 0
4301242523 0 0 0
4301242523 0 0 0
4301242523 0 0 0
4301242523 0 0 0
4301242523 0 0 0
4301242536 0 0 0
4301242536 0 0 0
4301242536 0 0 0
4301242536 0 0 0
4301242536 0 0 0
4301242536 0 0 0
4301242536 0 0 0
4301242536 0 0 0
4301242536 0 0 0
4301242536 0 0 0
4301242536 0 0 0
4301242549 0 0 0
4301242549 0 0 0
4301242549 0 0 0
4301242549 0 0 0
4301242549 0 0 0
4301242549 0 0 0
4301242549 0 0 0
4301242549 0 0 0
4301242549 0 0 0
4301242549 0 0 0
4301242549 0 0 0
4301242562 0 0 0
4301242562 0 0 0
4301242562 0 0 0
4301242562 0 0 0
4301242562 0 0 0
4301242562 0 0 0
4301242562 0 0 0
4301242562 0 0 0
4301242562 0 0 0
4301242562 0 0 0
4301242562 0 0 0
4301242575 0 0 0
4301242575 0 0 0
4301242575 0 0 0
4301242575 0 0 0
4301242575 0 0 0
4301242575 0 0 0
4301242575 0 0 0
4301242575 0 0 0
4301242575 0 0 0
4301242575 0 0 0
4301242575 0 0 0
4301242588 0 0 0
4301242588 0 0 0
4301242588 0 0 0
4301242588 0 0 0
4301242588 0 0 0
4301242588 0 0 0
4301242588 0 0 0
4301242588 0 0 0
4301242588 0 0 0
4301242588 0 0 0
4301242588 0 0 0
4301242601 0 0 0
4301242601 0 0 0
4301242601 0 0 0
4301242601 0 0 0
4301242601 0 0 0
4301242601 0 0 0
4301242601 0 0 0
4301242601 0 0 0
4301242601 0 0 0
4301242601 0 0 0
4301242601 0 0 0
4301242614 0 0 0
4301242614 0 0 0
4301242614 0 0 0
4301242614 0 0 0
4301242614 0 0 0
4301242614 0 0 0
4301242614 0 0 0
4301242614 0 0 0
4301242614 0 0 0
4301242614 0 0 0
4301242614 0 0 0
4301242627 0 0 0
4301242627 0 0 0
4301242627 0 0 0
4301242627 0 0 0
4301242627 0 0 0
4301242627 0 0 0
4301242627 0 0 0
4301242627 0 0 0
4301242627 0 0 0
4301242627 0 0 0
4301242627 0 0 0
4301242640 0 0 0
4301242640 0 0 0
4301242640 0 0 0
4301242640 0 0 0
4301242640 0 0 0
4301242640 0 0 0
4301242640 0 0 0
4301242640 0 0 0
4301242640 0 0 0
4301242640 0 0 0
4301242640 0 0 0
4301242653 0 0 0
4301242653 0 0 0
4301242653 0 0 0
4301242653 0 0 0
4301242653 0 0 0
4301242653 0 0 0
4301242653 0 0 0
4301242653 0 0 0
4301242653 0 0 0
4301242653 0 0 0
4301242653 0 0 0
4301242666 1032 0 1000
4301242666 0 0 0
4301242666 0 0 0
4301242666 3438 0 1000
4301242666 3438 0 1000
4301242666 3438 0 2000
4301242666 0 0 0
4301242666 0 0 0
4301242666 0 0 0
4301242666 3438 0 1000
4301242666 0 0 0
4301242679 2406 0 0
4301242679 3438 0 1000
4301242679 3438 0 1000
4301242679 0 0 0
4301242679 0 0 0
4301242679 0 0 0
4301242679 3438 0 1000
4301242679 3438 0 2000
4301242679 3438 0 1000
4301242679 0 0 0
4301242679 3438 0 2000
4301242692 0 0 0
4301242692 0 0 0
4301242692 0 0 0
4301242692 0 0 0
4301242692 0 0 0
4301242692 0 0 0
4301242692 0 0 0
4301242692 0 0 0
4301242692 0 0 0
4301242692 0 0 0
4301242692 0 0 0
4301242705 0 0 0
4301242705 0 0 0
4301242705 0 0 0
4301242705 0 0 0
4301242705 0 0 0
4301242705 0 0 0
4301242705 0 0 0
4301242705 0 0 0
4301242705 0 0 0
4301242705 0 0 0
4301242705 0 0 0
4301242718 0 0 0
4301242718 0 0 0
4301242718 0 0 0
4301242718 0 0 0
4301242718 0 0 0
4301242718 0 0 0
4301242718 0 0 0
4301242718 0 0 0
4301242718 0 0 0
4301242718 0 0 0
4301242718 0 0 0
4301242731 0 0 0
4301242731 0 0 0
4301242731 0 0 0
4301242731 0 0 0
4301242731 0 0 0
4301242731 0 0 0
4301242731 0 0 0
4301242731 0 0 0
4301242731 0 0 0
4301242731 0 0 0
4301242731 0 0 0
4301242744 0 0 0
4301242744 0 0 0
4301242744 0 0 0
4301242744 0 0 0
4301242744 0 0 0
4301242744 0 0 0
4301242744 0 0 0
4301242744 0 0 0
4301242744 0 0 0
4301242744 0 0 0
4301242744 0 0 0
4301242757 0 0 0
4301242757 0 0 0
4301242757 0 0 0
4301242757 0 0 0
4301242757 0 0 0
4301242757 0 0 0
4301242757 0 0 0
4301242757 0 0 0
4301242757 0 0 0
4301242757 0 0 0
4301242757 0 0 0
4301242770 0 0 0
4301242770 0 0 0
4301242770 0 0 0
4301242770 0 0 0
4301242770 0 0 0
4301242770 0 0 0
4301242770 0 0 0
4301242770 0 0 0
4301242770 0 0 0
4301242770 0 0 0
4301242770 0 0 0
4301242783 0 0 0
4301242783 0 0 0
4301242783 0 0 0
4301242783 0 0 0
4301242783 0 0 0
4301242783 0 0 0
4301242783 0 0 0
4301242783 0 0 0
4301242783 0 0 0
4301242783 0 0 0
4301242783 0 0 0
4301242796 0 0 0
4301242796 0 0 0
4301242796 0 0 0
4301242796 0 0 0
4301242796 0 0 0
4301242796 0 0 0
4301242796 0 0 0
4301242796 0 0 0
4301242796 0 0 0
4301242796 0 0 0
4301242796 0 0 0
4301242809 0 0 0
4301242809 0 0 0
4301242809 0 0 0
4301242809 0 0 0
4301242809 0 0 0
4301242809 0 0 0
4301242809 0 0 0
4301242809 0 0 0
4301242809 0 0 0
4301242809 0 0 0
4301242809 0 0 0
4301242822 0 0 0
4301242822 0 0 0
4301242822 0 0 0
4301242822 0 0 0
4301242822 0 0 0
4301242822 0 0 0
4301242822 0 0 0
4301242822 0 0 0
4301242822 0 0 0
4301242822 0 0 0
4301242822 0 0 0
4301242835 0 0 0
4301242835 0 0 0
4301242835 0 0 0
4301242835 0 0 0
4301242835 0 0 0
4301242835 0 0 0
4301242835 0 0 0
4301242835 0 0 0
4301242835 0 0 0
4301242835 0 0 0
4301242835 0 0 0
4301242848 0 0 0
4301242848 0 0 0
4301242848 0 0 0
4301242848 0 0 0
4301242848 0 0 0
4301242848 0 0 0
4301242848 0 0 0
4301242848 0 0 0
4301242848 0 0 0
4301242848 0 0 0
4301242848 0 0 0
4301242861 0 0 0
4301242861 0 0 0
4301242861 0 0 0
4301242861 0 0 0
4301242861 0 0 0
4301242861 0 0 0
4301242861 0 0 0
4301242861 0 0 0
4301242861 0 0 0
4301242861 0 0 0
4301242861 0 0 0
4301242874 0 0 0
4301242874 0 0 0
4301242874 0 0 0
4301242874 0 0 0
4301242874 0 0 0
4301242874 0 0 0
4301242874 0 0 0
4301242874 0 0 0
4301242874 0 0 0
4301242874 0 0 0
4301242874 0 0 0
4301242887 0 0 0
4301242887 0 0 0
4301242887 0 0 0
4301242887 0 0 0
4301242887 0 0 0
4301242887 0 0 0
4301242887 0 0 0
4301242887 0 0 0
4301242887 0 0 0
4301242887 0 0 0
4301242887 0 0 0
4301242900 0 0 0
4301242900 0 0 0
4301242900 0 0 0
4301242900 0 0 0
4301242900 0 0 0
4301242900 0 0 0
4301242900 0 0 0
4301242900 0 0 0
4301242900 0 0 0
4301242900 0 0 0
4301242900 0 0 0
4301242913 0 0 0
4301242913 0 0 0
4301242913 0 0 0
4301242913 2807 0 1000
4301242913 0 0 0
4301242913 0 0 0
4301242913 0 0 0
4301242913 0 0 0
4301242913 0 0 0
4301242913 2807 0 1000
4301242913 0 0 0
4301242926 2807 0 2000
4301242926 2807 0 1000
4301242926 2807 0 2000
4301242926 0 0 0
4301242926 2807 0 2000
4301242926 2807 0 1000
4301242926 2807 0 2000
4301242926 2807 0 1000
4301242926 2807 0 2000
4301242926 0 0 0
4301242926 2807 0 1000
4301242939 0 0 0
4301242939 0 0 0
4301242939 0 0 0
4301242939 0 0 0
4301242939 0 0 0
4301242939 0 0 0
4301242939 0 0 0
4301242939 0 0 0
4301242939 0 0 0
4301242939 0 0 0
4301242939 0 0 0
4301242952 0 0 0
4301242952 0 0 0
4301242952 0 0 0
4301242952 0 0 0
4301242952 0 0 0
4301242952 0 0 0
4301242952 0 0 0
4301242952 0 0 0
4301242952 0 0 0
4301242952 0 0 0
4301242952 0 0 0
4301242965 0 0 0
4301242965 0 0 0
4301242965 0 0 0
4301242965 0 0 0
4301242965 0 0 0
4301242965 0 0 0
4301242965 0 0 0
4301242965 0 0 0
4301242965 0 0 0
4301242965 0 0 0
4301242965 0 0 0
4301242978 0 0 0
4301242978 0 0 0
4301242978 0 0 0
4301242978 0 0 0
4301242978 0 0 0
4301242978 0 0 0
4301242978 0 0 0
4301242978 0 0 0
4301242978 0 0 0
4301242978 0 0 0
4301242978 0 0 0
4301242991 0 0 0
4301242991 0 0 0
4301242991 0 0 0
4301242991 0 0 0
4301242991 0 0 0
4301242991 0 0 0
4301242991 0 0 0
4301242991 0 0 0
4301242991 0 0 0
4301242991 0 0 0
4301242991 0 0 0
4301243004 0 0 0
4301243004 0 0 0
4301243004 0 0 0
4301243004 0 0 0
4301243004 0 0 0
4301243004 0 0 0
4301243004 0 0 0
4301243004 0 0 0
4301243004 0 0 0
4301243004 0 0 0
4301243004 0 0 0
4301243017 0 0 0
4301243017 0 0 0
4301243017 0 0 0
4301243017 0 0 0
4301243017 0 0 0
4301243017 0 0 0
4301243017 0 0 0
4301243017 0 0 0
4301243017 0 0 0
4301243017 0 0 0
4301243017 0 0 0
4301243030 0 0 0
4301243030 0 0 0
4301243030 0 0 0
4301243030 0 0 0
4301243030 0 0 0
4301243030 0 0 0
4301243030 0 0 0
4301243030 0 0 0
4301243030 0 0 0
4301243030 0 0 0
4301243030 0 0 0
4301243043 0 0 0
4301243043 0 0 0
4301243043 0 0 0
4301243043 0 0 0
4301243043 0 0 0
4301243043 0 0 0
4301243043 0 0 0
4301243043 0 0 0
4301243043 0 0 0
4301243043 0 0 0
4301243043 0 0 0
4301243056 0 0 0
4301243056 0 0 0
4301243056 0 0 0
4301243056 0 0 0
4301243056 0 0 0
4301243056 0 0 0
4301243056 0 0 0
4301243056 0 0 0
4301243056 0 0 0
4301243056 0 0 0
4301243056 0 0 0
4301243069 0 0 0
4301243069 0 0 0
4301243069 0 0 0
4301243069 0 0 0
4301243069 0 0 0
4301243069 0 0 0
4301243069 0 0 0
4301243069 0 0 0
4301243069 0 0 0
4301243069 0 0 0
4301243069 0 0 0
4301243082 0 0 0
4301243082 0 0 0
4301243082 0 0 0
4301243082 0 0 0
4301243082 0 0 0
4301243082 0 0 0
4301243082 0 0 0
4301243082 0 0 0
4301243082 0 0 0
4301243082 0 0 0
4301243082 0 0 0
4301243095 0 0 0
4301243095 0 0 0
4301243095 0 0 0
4301243095 0 0 0
4301243095 0 0 0
4301243095 0 0 0
4301243095 0 0 0
4301243095 0 0 0
4301243095 0 0 0
4301243095 0 0 0
4301243095 0 0 0
4301243108 0 0 0
4301243108 0 0 0
4301243108 0 0 0
4301243108 0 0 0
4301243108 0 0 0
4301243108 0 0 0
4301243108 0 0 0
4301243108 0 0 0
4301243108 0 0 0
4301243108 0 0 0
4301243108 0 0 0
4301243121 0 0 0
4301243121 0 0 0
4301243121 0 0 0
4301243121 0 0 0
4301243121 0 0 0
4301243121 0 0 0
4301243121 0 0 0
4301243121 0 0 0
4301243121 0 0 0
4301243121 0 0 0
4301243121 0 0 0
4301243134 0 0 0
4301243134 0 0 0
4301243134 0 0 0
4301243134 0 0 0
4301243134 0 0 0
4301243134 0 0 0
4301243134 0 0 0
4301243134 0 0 0
4301243134 0 0 0
4301243134 0 0 0
4301243134 0 0 0
4301243147 0 0 0
4301243147 0 0 0
4301243147 0 0 0
4301243147 0 0 0
4301243147 0 0 0
4301243147 0 0 0
4301243147 0 0 0
4301243147 0 0 0
4301243147 0 0 0
4301243147 0 0 0
4301243147 0 0 0
4301243160 0 0 0
4301243160 0 0 0
4301243160 0 0 0
4301243160 191 0 1000
4301243160 0 0 0
4301243160 0 0 0
4301243160 0 0 0
4301243160 0 0 0
4301243160 0 0 0
4301243160 2315 0 1000
4301243160 0 0 0
4301243173 2315 0 1000
4301243173 0 0 0
4301243173 0 0 0
4301243173 2124 0 0
4301243173 2315 0 1000
4301243173 2315 0 1000
4301243173 2315 0 1000
4301243173 0 0 0
4301243173 729 0 1000
4301243173 0 0 0
4301243173 0 0 0
4301243186 0 0 0
4301243186 2315 0 1000
4301243186 2315 0 1000
4301243186 0 0 0
4301243186 0 0 0
4301243186 0 0 0
4301243186 0 0 0
4301243186 2315 0 1000
4301243186 1586 0 1000
4301243186 0 0 0
4301243186 2315 0 2000
4301243199 0 0 0
4301243199 0 0 0
4301243199 0 0 0
4301243199 0 0 0
4301243199 0 0 0
4301243199 0 0 0
4301243199 0 0 0
4301243199 0 0 0
4301243199 0 0 0
4301243199 0 0 0
4301243199 0 0 0
4301243212 0 0 0
4301243212 0 0 0
4301243212 0 0 0
4301243212 0 0 0
4301243212 0 0 0
4301243212 0 0 0
4301243212 0 0 0
4301243212 0 0 0
4301243212 0 0 0
4301243212 0 0 0
4301243212 0 0 0
4301243225 0 0 0
4301243225 0 0 0
4301243225 0 0 0
4301243225 0 0 0
4301243225 0 0 0
4301243225 0 0 0
4301243225 0 0 0
4301243225 0 0 0
4301243225 0 0 0
4301243225 0 0 0
4301243225 0 0 0
4301243238 0 0 0
4301243238 0 0 0
4301243238 0 0 0
4301243238 0 0 0
4301243238 0 0 0
4301243238 0 0 0
4301243238 0 0 0
4301243238 0 0 0
4301243238 0 0 0
4301243238 0 0 0
4301243238 0 0 0
4301243251 0 0 0
4301243251 0 0 0
4301243251 0 0 0
4301243251 0 0 0
4301243251 0 0 0
4301243251 0 0 0
4301243251 0 0 0
4301243251 0 0 0
4301243251 0 0 0
4301243251 0 0 0
4301243251 0 0 0
4301243264 0 0 0
4301243264 0 0 0
4301243264 0 0 0
4301243264 0 0 0
4301243264 0 0 0
4301243264 0 0 0
4301243264 0 0 0
4301243264 0 0 0
4301243264 0 0 0
4301243264 0 0 0
4301243264 0 0 0
4301243277 0 0 0
4301243277 0 0 0
4301243277 0 0 0
4301243277 0 0 0
4301243277 0 0 0
4301243277 0 0 0
4301243277 0 0 0
4301243277 0 0 0
4301243277 0 0 0
4301243277 0 0 0
4301243277 0 0 0
4301243290 0 0 0
4301243290 0 0 0
4301243290 0 0 0
4301243290 0 0 0
4301243290 0 0 0
4301243290 0 0 0
4301243290 0 0 0
4301243290 0 0 0
4301243290 0 0 0
4301243290 0 0 0
4301243290 0 0 0
4301243303 0 0 0
4301243303 0 0 0
4301243303 0 0 0
4301243303 0 0 0
4301243303 0 0 0
4301243303 0 0 0
4301243303 0 0 0
4301243303 0 0 0
4301243303 0 0 0
4301243303 0 0 0
4301243303 0 0 0
4301243316 0 0 0
4301243316 0 0 0
4301243316 0 0 0
4301243316 0 0 0
4301243316 0 0 0
4301243316 0 0 0
4301243316 0 0 0
4301243316 0 0 0
4301243316 0 0 0
4301243316 0 0 0
4301243316 0 0 0
4301243329 0 0 0
4301243329 0 0 0
4301243329 0 0 0
4301243329 0 0 0
4301243329 0 0 0
4301243329 0 0 0
4301243329 0 0 0
4301243329 0 0 0
4301243329 0 0 0
4301243329 0 0 0
4301243329 0 0 0
4301243342 0 0 0
4301243342 0 0 0
4301243342 0 0 0
4301243342 0 0 0
4301243342 0 0 0
4301243342 0 0 0
4301243342 0 0 0
4301243342 0 0 0
4301243342 0 0 0
4301243342 0 0 0
4301243342 0 0 0
4301243355 0 0 0
4301243355 0 0 0
4301243355 0 0 0
4301243355 0 0 0
4301243355 0 0 0
4301243355 0 0 0
4301243355 0 0 0
4301243355 0 0 0
4301243355 0 0 0
4301243355 0 0 0
4301243355 0 0 0
4301243368 0 0 0
4301243368 0 0 0
4301243368 0 0 0
4301243368 0 0 0
4301243368 0 0 0
4301243368 0 0 0
4301243368 0 0 0
4301243368 0 0 0
4301243368 0 0 0
4301243368 0 0 0
4301243368 0 0 0
4301243381 0 0 0
4301243381 0 0 0
4301243381 0 0 0
4301243381 0 0 0
4301243381 0 0 0
4301243381 0 0 0
4301243381 0 0 0
4301243381 0 0 0
4301243381 0 0 0
4301243381 0 0 0
4301243381 0 0 0
4301243394 0 0 0
4301243394 0 0 0
4301243394 0 0 0
4301243394 0 0 0
4301243394 0 0 0
4301243394 0 0 0
4301243394 0 0 0
4301243394 0 0 0
4301243394 0 0 0
4301243394 0 0 0
4301243394 0 0 0
4301243407 0 0 0
4301243407 0 0 0
4301243407 0 0 0
4301243407 0 0 0
4301243407 0 0 0
4301243407 0 0 0
4301243407 0 0 0
4301243407 0 0 0
4301243407 0 0 0
4301243407 0 0 0
4301243407 0 0 0
4301243420 822 0 1000
4301243420 0 0 0
4301243420 0 0 0
4301243420 1874 0 2000
4301243420 1874 0 1000
4301243420 1874 0 1000
4301243420 0 0 0
4301243420 0 0 0
4301243420 0 0 0
4301243420 1874 0 1000
4301243420 0 0 0
4301243433 1052 0 0
4301243433 1874 0 1000
4301243433 1874 0 1000
4301243433 0 0 0
4301243433 0 0 0
4301243433 0 0 0
4301243433 1874 0 1000
4301243433 1874 0 1000
4301243433 1874 0 1000
4301243433 0 0 0
4301243433 1874 0 1000
4301243446 0 0 0
4301243446 0 0 0
4301243446 0 0 0
4301243446 0 0 0
4301243446 0 0 0
4301243446 0 0 0
4301243446 0 0 0
4301243446 0 0 0
4301243446 0 0 0
4301243446 0 0 0
4301243446 0 0 0
4301243459 0 0 0
4301243459 0 0 0
4301243459 0 0 0
4301243459 0 0 0
4301243459 0 0 0
4301243459 0 0 0
4301243459 0 0 0
4301243459 0 0 0
4301243459 0 0 0
4301243459 0 0 0
4301243459 0 0 0
4301243472 0 0 0
4301243472 0 0 0
4301243472 0 0 0
4301243472 0 0 0
4301243472 0 0 0
4301243472 0 0 0
4301243472 0 0 0
4301243472 0 0 0
4301243472 0 0 0
4301243472 0 0 0
4301243472 0 0 0
4301243485 0 0 0
4301243485 0 0 0
4301243485 0 0 0
4301243485 0 0 0
4301243485 0 0 0
4301243485 0 0 0
4301243485 0 0 0
4301243485 0 0 0
4301243485 0 0 0
4301243485 0 0 0
4301243485 0 0 0
4301243498 0 0 0
4301243498 0 0 0
4301243498 0 0 0
4301243498 0 0 0
4301243498 0 0 0
4301243498 0 0 0
4301243498 0 0 0
4301243498 0 0 0
4301243498 0 0 0
4301243498 0 0 0
4301243498 0 0 0
4301243511 0 0 0
4301243511 0 0 0
4301243511 0 0 0
4301243511 0 0 0
4301243511 0 0 0
4301243511 0 0 0
4301243511 0 0 0
4301243511 0 0 0
4301243511 0 0 0
4301243511 0 0 0
4301243511 0 0 0
4301243524 0 0 0
4301243524 0 0 0
4301243524 0 0 0
4301243524 0 0 0
4301243524 0 0 0
4301243524 0 0 0
4301243524 0 0 0
4301243524 0 0 0
4301243524 0 0 0
4301243524 0 0 0
4301243524 0 0 0
4301243537 0 0 0
4301243537 0 0 0
4301243537 0 0 0
4301243537 0 0 0
4301243537 0 0 0
4301243537 0 0 0
4301243537 0 0 0
4301243537 0 0 0
4301243537 0 0 0
4301243537 0 0 0
4301243537 0 0 0
4301243550 0 0 0
4301243550 0 0 0
4301243550 0 0 0
4301243550 0 0 0
4301243550 0 0 0
4301243550 0 0 0
4301243550 0 0 0
4301243550 0 0 0
4301243550 0 0 0
4301243550 0 0 0
4301243550 0 0 0
4301243563 0 0 0
4301243563 0 0 0
4301243563 0 0 0
4301243563 0 0 0
4301243563 0 0 0
4301243563 0 0 0
4301243563 0 0 0
4301243563 0 0 0
4301243563 0 0 0
4301243563 0 0 0
4301243563 0 0 0
4301243576 0 0 0
4301243576 0 0 0
4301243576 0 0 0
4301243576 0 0 0
4301243576 0 0 0
4301243576 0 0 0
4301243576 0 0 0
4301243576 0 0 0
4301243576 0 0 0
4301243576 0 0 0
4301243576 0 0 0
4301243589 0 0 0
4301243589 0 0 0
4301243589 0 0 0
4301243589 0 0 0
4301243589 0 0 0
4301243589 0 0 0
4301243589 0 0 0
4301243589 0 0 0
4301243589 0 0 0
4301243589 0 0 0
4301243589 0 0 0
4301243602 0 0 0
4301243602 0 0 0
4301243602 0 0 0
4301243602 0 0 0
4301243602 0 0 0
4301243602 0 0 0
4301243602 0 0 0
4301243602 0 0 0
4301243602 0 0 0
4301243602 0 0 0
4301243602 0 0 0
4301243615 0 0 0
4301243615 0 0 0
4301243615 0 0 0
4301243615 0 0 0
4301243615 0 0 0
4301243615 0 0 0
4301243615 0 0 0
4301243615 0 0 0
4301243615 0 0 0
4301243615 0 0 0
4301243615 0 0 0
4301243628 0 0 0
4301243628 0 0 0
4301243628 0 0 0
4301243628 0 0 0
4301243628 0 0 0
4301243628 0 0 0
4301243628 0 0 0
4301243628 0 0 0
4301243628 0 0 0
4301243628 0 0 0
4301243628 0 0 0
4301243641 0 0 0
4301243641 0 0 0
4301243641 0 0 0
4301243641 0 0 0
4301243641 0 0 0
4301243641 0 0 0
4301243641 0 0 0
4301243641 0 0 0
4301243641 0 0 0
4301243641 0 0 0
4301243641 0 0 0
4301243654 0 0 0
4301243654 0 0 0
4301243654 0 0 0
4301243654 0 0 0
4301243654 0 0 0
4301243654 0 0 0
4301243654 0 0 0
4301243654 0 0 0
4301243654 0 0 0
4301243654 0 0 0
4301243654 0 0 0
4301243667 0 0 0
4301243667 0 0 0
4301243667 0 0 0
4301243667 1602 0 1000
4301243667 0 0 0
4301243667 0 0 0
4301243667 0 0 0
4301243667 0 0 0
4301243667 0 0 0
4301243667 1602 0 0
4301243667 0 0 0
4301243680 1602 0 1000
4301243680 1602 0 1000
4301243680 1602 0 1000
4301243680 0 0 0
4301243680 1602 0 1000
4301243680 1602 0 1000
4301243680 1602 0 1000
4301243680 1602 0 2000
4301243680 1602 0 1000
4301243680 0 0 0
4301243680 1602 0 0
4301243693 0 0 0
4301243693 0 0 0
4301243693 0 0 0
4301243693 0 0 0
4301243693 0 0 0
4301243693 0 0 0
4301243693 0 0 0
4301243693 0 0 0
4301243693 0 0 0
4301243693 0 0 0
4301243693 0 0 0
4301243706 0 0 0
4301243706 0 0 0
4301243706 0 0 0
4301243706 0 0 0
4301243706 0 0 0
4301243706 0 0 0
4301243706 0 0 0
4301243706 0 0 0
4301243706 0 0 0
4301243706 0 0 0
4301243706 0 0 0
4301243719 0 0 0
4301243719 0 0 0
4301243719 0 0 0
4301243719 0 0 0
4301243719 0 0 0
4301243719 0 0 0
4301243719 0 0 0
4301243719 0 0 0
4301243719 0 0 0
4301243719 0 0 0
4301243719 0 0 0
4301243732 0 0 0
4301243732 0 0 0
4301243732 0 0 0
4301243732 0 0 0
4301243732 0 0 0
4301243732 0 0 0
4301243732 0 0 0
4301243732 0 0 0
4301243732 0 0 0
4301243732 0 0 0
4301243732 0 0 0
4301243745 0 0 0
4301243745 0 0 0
4301243745 0 0 0
4301243745 0 0 0
4301243745 0 0 0
4301243745 0 0 0
4301243745 0 0 0
4301243745 0 0 0
4301243745 0 0 0
4301243745 0 0 0
4301243745 0 0 0
4301243758 0 0 0
4301243758 0 0 0
4301243758 0 0 0
4301243758 0 0 0
4301243758 0 0 0
4301243758 0 0 0
4301243758 0 0 0
4301243758 0 0 0
4301243758 0 0 0
4301243758 0 0 0
4301243758 0 0 0
4301243771 0 0 0
4301243771 0 0 0
4301243771 0 0 0
4301243771 0 0 0
4301243771 0 0 0
4301243771 0 0 0
4301243771 0 0 0
4301243771 0 0 0
4301243771 0 0 0
4301243771 0 0 0
4301243771 0 0 0
4301243784 0 0 0
4301243784 0 0 0
4301243784 0 0 0
4301243784 0 0 0
4301243784 0 0 0
4301243784 0 0 0
4301243784 0 0 0
4301243784 0 0 0
4301243784 0 0 0
4301243784 0 0 0
4301243784 0 0 0
4301243797 0 0 0
4301243797 0 0 0
4301243797 0 0 0
4301243797 0 0 0
4301243797 0 0 0
4301243797 0 0 0
4301243797 0 0 0
4301243797 0 0 0
4301243797 0 0 0
4301243797 0 0 0
4301243797 0 0 0
4301243810 0 0 0
4301243810 0 0 0
4301243810 0 0 0
4301243810 0 0 0
4301243810 0 0 0
4301243810 0 0 0
4301243810 0 0 0
4301243810 0 0 0
4301243810 0 0 0
4301243810 0 0 0
4301243810 0 0 0
4301243823 0 0 0
4301243823 0 0 0
4301243823 0 0 0
4301243823 0 0 0
4301243823 0 0 0
4301243823 0 0 0
4301243823 0 0 0
4301243823 0 0 0
4301243823 0 0 0
4301243823 0 0 0
4301243823 0 0 0
4301243836 0 0 0
4301243836 0 0 0
4301243836 0 0 0
4301243836 0 0 0
4301243836 0 0 0
4301243836 0 0 0
4301243836 0 0 0
4301243836 0 0 0
4301243836 0 0 0
4301243836 0 0 0
4301243836 0 0 0
4301243849 0 0 0
4301243849 0 0 0
4301243849 0 0 0
4301243849 0 0 0
4301243849 0 0 0
4301243849 0 0 0
4301243849 0 0 0
4301243849 0 0 0
4301243849 0 0 0
4301243849 0 0 0
4301243849 0 0 0
4301243862 0 0 0
4301243862 0 0 0
4301243862 0 0 0
4301243862 0 0 0
4301243862 0 0 0
4301243862 0 0 0
4301243862 0 0 0
4301243862 0 0 0
4301243862 0 0 0
4301243862 0 0 0
4301243862 0 0 0
4301243875 0 0 0
4301243875 0 0 0
4301243875 0 0 0
4301243875 0 0 0
4301243875 0 0 0
4301243875 0 0 0
4301243875 0 0 0
4301243875 0 0 0
4301243875 0 0 0
4301243875 0 0 0
4301243875 0 0 0
4301243888 0 0 0
4301243888 0 0 0
4301243888 0 0 0
4301243888 0 0 0
4301243888 0 0 0
4301243888 0 0 0
4301243888 0 0 0
4301243888 0 0 0
4301243888 0 0 0
4301243888 0 0 0
4301243888 0 0 0
4301243901 0 0 0
4301243901 0 0 0
4301243901 0 0 0
4301243901 0 0 0
4301243901 0 0 0
4301243901 0 0 0
4301243901 0 0 0
4301243901 0 0 0
4301243901 0 0 0
4301243901 0 0 0
4301243901 0 0 0
4301243914 0 0 0
4301243914 0 0 0
4301243914 0 0 0
4301243914 1252 0 0
4301243914 0 0 0
4301243914 0 0 0
4301243914 0 0 0
4301243914 0 0 0
4301243914 0 0 0
4301243914 1252 0 1000
4301243914 0 0 0
4301243927 1252 0 1000
4301243927 0 0 0
4301243927 0 0 0
4301243927 0 0 0
4301243927 1252 0 1000
4301243927 1252 0 1000
4301243927 1252 0 0
4301243927 0 0 0
4301243927 1252 0 0
4301243927 0 0 0
4301243927 0 0 0
4301243940 0 0 0
4301243940 1252 0 1000
4301243940 1252 0 1000
4301243940 0 0 0
4301243940 0 0 0
4301243940 0 0 0
4301243940 0 0 0
4301243940 1252 0 1000
4301243940 0 0 0
4301243940 0 0 0
4301243940 1252 0 1000
4301243953 0 0 0
4301243953 0 0 0
4301243953 0 0 0
4301243953 0 0 0
4301243953 0 0 0
4301243953 0 0 0
4301243953 0 0 0
4301243953 0 0 0
4301243953 0 0 0
4301243953 0 0 0
4301243953 0 0 0
4301243966 0 0 0
4301243966 0 0 0
4301243966 0 0 0
4301243966 0 0 0
4301243966 0 0 0
4301243966 0 0 0
4301243966 0 0 0
4301243966 0 0 0
4301243966 0 0 0
4301243966 0 0 0
4301243966 0 0 0
4301243979 0 0 0
4301243979 0 0 0
4301243979 0 0 0
4301243979 0 0 0
4301243979 0 0 0
4301243979 0 0 0
4301243979 0 0 0
4301243979 0 0 0
4301243979 0 0 0
4301243979 0 0 0
4301243979 0 0 0
4301243992 0 0 0
4301243992 0 0 0
4301243992 0 0 0
4301243992 0 0 0
4301243992 0 0 0
4301243992 0 0 0
4301243992 0 0 0
4301243992 0 0 0
4301243992 0 0 0
4301243992 0 0 0
4301243992 0 0 0
4301244005 0 0 0
4301244005 0 0 0
4301244005 0 0 0
4301244005 0 0 0
4301244005 0 0 0
4301244005 0 0 0
4301244005 0 0 0
4301244005 0 0 0
4301244005 0 0 0
4301244005 0 0 0
4301244005 0 0 0
4301244018 0 0 0
4301244018 0 0 0
4301244018 0 0 0
4301244018 0 0 0
4301244018 0 0 0
4301244018 0 0 0
4301244018 0 0 0
4301244018 0 0 0
4301244018 0 0 0
4301244018 0 0 0
4301244018 0 0 0
4301244031 0 0 0
4301244031 0 0 0
4301244031 0 0 0
4301244031 0 0 0
4301244031 0 0 0
4301244031 0 0 0
4301244031 0 0 0
4301244031 0 0 0
4301244031 0 0 0
4301244031 0 0 0
4301244031 0 0 0
4301244044 0 0 0
4301244044 0 0 0
4301244044 0 0 0
4301244044 0 0 0
4301244044 0 0 0
4301244044 0 0 0
4301244044 0 0 0
4301244044 0 0 0
4301244044 0 0 0
4301244044 0 0 0
4301244044 0 0 0
4301244057 0 0 0
4301244057 0 0 0
4301244057 0 0 0
4301244057 0 0 0
4301244057 0 0 0
4301244057 0 0 0
4301244057 0 0 0
4301244057 0 0 0
4301244057 0 0 0
4301244057 0 0 0
4301244057 0 0 0
4301244070 0 0 0
4301244070 0 0 0
4301244070 0 0 0
4301244070 0 0 0
4301244070 0 0 0
4301244070 0 0 0
4301244070 0 0 0
4301244070 0 0 0
4301244070 0 0 0
4301244070 0 0 0
4301244070 0 0 0
4301244083 0 0 0
4301244083 0 0 0
4301244083 0 0 0
4301244083 0 0 0
4301244083 0 0 0
4301244083 0 0 0
4301244083 0 0 0
4301244083 0 0 0
4301244083 0 0 0
4301244083 0 0 0
4301244083 0 0 0
4301244096 0 0 0
4301244096 0 0 0
4301244096 0 0 0
4301244096 0 0 0
4301244096 0 0 0
4301244096 0 0 0
4301244096 0 0 0
4301244096 0 0 0
4301244096 0 0 0
4301244096 0 0 0
4301244096 0 0 0
4301244109 0 0 0
4301244109 0 0 0
4301244109 0 0 0
4301244109 0 0 0
4301244109 0 0 0
4301244109 0 0 0
4301244109 0 0 0
4301244109 0 0 0
4301244109 0 0 0
4301244109 0 0 0
4301244109 0 0 0
4301244122 0 0 0
4301244122 0 0 0
4301244122 0 0 0
4301244122 0 0 0
4301244122 0 0 0
4301244122 0 0 0
4301244122 0 0 0
4301244122 0 0 0
4301244122 0 0 0
4301244122 0 0 0
4301244122 0 0 0
4301244135 0 0 0
4301244135 0 0 0
4301244135 0 0 0
4301244135 0 0 0
4301244135 0 0 0
4301244135 0 0 0
4301244135 0 0 0
4301244135 0 0 0
4301244135 0 0 0
4301244135 0 0 0
4301244135 0 0 0
4301244148 0 0 0
4301244148 0 0 0
4301244148 0 0 0
4301244148 0 0 0
4301244148 0 0 0
4301244148 0 0 0
4301244148 0 0 0
4301244148 0 0 0
4301244148 0 0 0
4301244148 0 0 0
4301244148 0 0 0
4301244161 0 0 0
4301244161 0 0 0
4301244161 0 0 0
4301244161 0 0 0
4301244161 0 0 0
4301244161 0 0 0
4301244161 0 0 0
4301244161 0 0 0
4301244161 0 0 0
4301244161 572 0 1000
4301244161 0 0 0
4301244174 982 0 0
4301244174 0 0 0
4301244174 0 0 0
4301244174 982 0 1000
4301244174 982 0 1000
4301244174 982 0 1000
4301244174 345 0 1000
4301244174 0 0 0
4301244174 0 0 0
4301244174 410 0 0
4301244174 0 0 0
4301244187 0 0 0
4301244187 982 0 0
4301244187 982 0 1000
4301244187 0 0 0
4301244187 0 0 0
4301244187 0 0 0
4301244187 637 0 0
4301244187 982 0 0
4301244187 982 0 1000
4301244187 0 0 0
4301244187 982 0 1000
4301244200 0 0 0
4301244200 0 0 0
4301244200 0 0 0
4301244200 0 0 0
4301244200 0 0 0
4301244200 0 0 0
4301244200 0 0 0
4301244200 0 0 0
4301244200 0 0 0
4301244200 0 0 0
4301244200 0 0 0
4301244213 0 0 0
4301244213 0 0 0
4301244213 0 0 0
4301244213 0 0 0
4301244213 0 0 0
4301244213 0 0 0
4301244213 0 0 0
4301244213 0 0 0
4301244213 0 0 0
4301244213 0 0 0
4301244213 0 0 0
4301244226 0 0 0
4301244226 0 0 0
4301244226 0 0 0
4301244226 0 0 0
4301244226 0 0 0
4301244226 0 0 0
4301244226 0 0 0
4301244226 0 0 0
4301244226 0 0 0
4301244226 0 0 0
4301244226 0 0 0
4301244239 0 0 0
4301244239 0 0 0
4301244239 0 0 0
4301244239 0 0 0
4301244239 0 0 0
4301244239 0 0 0
4301244239 0 0 0
4301244239 0 0 0
4301244239 0 0 0
4301244239 0 0 0
4301244239 0 0 0
4301244252 0 0 0
4301244252 0 0 0
4301244252 0 0 0
4301244252 0 0 0
4301244252 0 0 0
4301244252 0 0 0
4301244252 0 0 0
4301244252 0 0 0
4301244252 0 0 0
4301244252 0 0 0
4301244252 0 0 0
4301244265 0 0 0
4301244265 0 0 0
4301244265 0 0 0
4301244265 0 0 0
4301244265 0 0 0
4301244265 0 0 0
4301244265 0 0 0
4301244265 0 0 0
4301244265 0 0 0
4301244265 0 0 0
4301244265 0 0 0
4301244278 0 0 0
4301244278 0 0 0
4301244278 0 0 0
4301244278 0 0 0
4301244278 0 0 0
4301244278 0 0 0
4301244278 0 0 0
4301244278 0 0 0
4301244278 0 0 0
4301244278 0 0 0
4301244278 0 0 0
4301244291 0 0 0
4301244291 0 0 0
4301244291 0 0 0
4301244291 0 0 0
4301244291 0 0 0
4301244291 0 0 0
4301244291 0 0 0
4301244291 0 0 0
4301244291 0 0 0
4301244291 0 0 0
4301244291 0 0 0
4301244304 0 0 0
4301244304 0 0 0
4301244304 0 0 0
4301244304 0 0 0
4301244304 0 0 0
4301244304 0 0 0
4301244304 0 0 0
4301244304 0 0 0
4301244304 0 0 0
4301244304 0 0 0
4301244304 0 0 0
4301244317 0 0 0
4301244317 0 0 0
4301244317 0 0 0
4301244317 0 0 0
4301244317 0 0 0
4301244317 0 0 0
4301244317 0 0 0
4301244317 0 0 0
4301244317 0 0 0
4301244317 0 0 0
4301244317 0 0 0
4301244330 0 0 0
4301244330 0 0 0
4301244330 0 0 0
4301244330 0 0 0
4301244330 0 0 0
4301244330 0 0 0
4301244330 0 0 0
4301244330 0 0 0
4301244330 0 0 0
4301244330 0 0 0
4301244330 0 0 0
4301244343 0 0 0
4301244343 0 0 0
4301244343 0 0 0
4301244343 0 0 0
4301244343 0 0 0
4301244343 0 0 0
4301244343 0 0 0
4301244343 0 0 0
4301244343 0 0 0
4301244343 0 0 0
4301244343 0 0 0
4301244356 0 0 0
4301244356 0 0 0
4301244356 0 0 0
4301244356 0 0 0
4301244356 0 0 0
4301244356 0 0 0
4301244356 0 0 0
4301244356 0 0 0
4301244356 0 0 0
4301244356 0 0 0
4301244356 0 0 0
4301244369 0 0 0
4301244369 0 0 0
4301244369 0 0 0
4301244369 0 0 0
4301244369 0 0 0
4301244369 0 0 0
4301244369 0 0 0
4301244369 0 0 0
4301244369 0 0 0
4301244369 0 0 0
4301244369 0 0 0
4301244382 0 0 0
4301244382 0 0 0
4301244382 0 0 0
4301244382 0 0 0
4301244382 0 0 0
4301244382 0 0 0
4301244382 0 0 0
4301244382 0 0 0
4301244382 0 0 0
4301244382 0 0 0
4301244382 0 0 0
4301244395 0 0 0
4301244395 0 0 0
4301244395 0 0 0
4301244395 0 0 0
4301244395 0 0 0
4301244395 0 0 0
4301244395 0 0 0
4301244395 0 0 0
4301244395 0 0 0
4301244395 0 0 0
4301244395 0 0 0
4301244408 0 0 0
4301244408 0 0 0
4301244408 0 0 0
4301244408 0 0 0
4301244408 0 0 0
4301244408 0 0 0
4301244408 0 0 0
4301244408 0 0 0
4301244408 0 0 0
4301244408 0 0 0
4301244408 0 0 0
4301244421 0 0 0
4301244421 0 0 0
4301244421 0 0 0
4301244421 897 0 1000
4301244421 0 0 0
4301244421 897 0 0
4301244421 0 0 0
4301244421 0 0 0
4301244421 0 0 0
4301244421 897 0 0
4301244421 0 0 0
4301244434 897 0 1000
4301244434 897 0 1000
4301244434 897 0 0
4301244434 0 0 0
4301244434 897 0 0
4301244434 0 0 0
4301244434 897 0 1000
4301244434 897 0 1000
4301244434 897 0 1000
4301244434 0 0 0
4301244434 897 0 1000
4301244447 0 0 0
4301244447 0 0 0
4301244447 0 0 0
4301244447 0 0 0
4301244447 0 0 0
4301244447 0 0 0
4301244447 0 0 0
4301244447 0 0 0
4301244447 0 0 0
4301244447 0 0 0
4301244447 0 0 0
4301244460 0 0 0
4301244460 0 0 0
4301244460 0 0 0
4301244460 0 0 0
4301244460 0 0 0
4301244460 0 0 0
4301244460 0 0 0
4301244460 0 0 0
4301244460 0 0 0
4301244460 0 0 0
4301244460 0 0 0
4301244473 0 0 0
4301244473 0 0 0
4301244473 0 0 0
4301244473 0 0 0
4301244473 0 0 0
4301244473 0 0 0
4301244473 0 0 0
4301244473 0 0 0
4301244473 0 0 0
4301244473 0 0 0
4301244473 0 0 0
4301244486 0 0 0
4301244486 0 0 0
4301244486 0 0 0
4301244486 0 0 0
4301244486 0 0 0
4301244486 0 0 0
4301244486 0 0 0
4301244486 0 0 0
4301244486 0 0 0
4301244486 0 0 0
4301244486 0 0 0
4301244499 0 0 0
4301244499 0 0 0
4301244499 0 0 0
4301244499 0 0 0
4301244499 0 0 0
4301244499 0 0 0
4301244499 0 0 0
4301244499 0 0 0
4301244499 0 0 0
4301244499 0 0 0
4301244499 0 0 0
4301244512 0 0 0
4301244512 0 0 0
4301244512 0 0 0
4301244512 0 0 0
4301244512 0 0 0
4301244512 0 0 0
4301244512 0 0 0
4301244512 0 0 0
4301244512 0 0 0
4301244512 0 0 0
4301244512 0 0 0
4301244525 0 0 0
4301244525 0 0 0
4301244525 0 0 0
4301244525 0 0 0
4301244525 0 0 0
4301244525 0 0 0
4301244525 0 0 0
4301244525 0 0 0
4301244525 0 0 0
4301244525 0 0 0
4301244525 0 0 0
4301244538 0 0 0
4301244538 0 0 0
4301244538 0 0 0
4301244538 0 0 0
4301244538 0 0 0
4301244538 0 0 0
4301244538 0 0 0
4301244538 0 0 0
4301244538 0 0 0
4301244538 0 0 0
4301244538 0 0 0
4301244551 0 0 0
4301244551 0 0 0
4301244551 0 0 0
4301244551 0 0 0
4301244551 0 0 0
4301244551 0 0 0
4301244551 0 0 0
4301244551 0 0 0
4301244551 0 0 0
4301244551 0 0 0
4301244551 0 0 0
4301244564 0 0 0
4301244564 0 0 0
4301244564 0 0 0
4301244564 0 0 0
4301244564 0 0 0
4301244564 0 0 0
4301244564 0 0 0
4301244564 0 0 0
4301244564 0 0 0
4301244564 0 0 0
4301244564 0 0 0
4301244577 0 0 0
4301244577 0 0 0
4301244577 0 0 0
4301244577 0 0 0
4301244577 0 0 0
4301244577 0 0 0
4301244577 0 0 0
4301244577 0 0 0
4301244577 0 0 0
4301244577 0 0 0
4301244577 0 0 0
4301244590 0 0 0
4301244590 0 0 0
4301244590 0 0 0
4301244590 0 0 0
4301244590 0 0 0
4301244590 0 0 0
4301244590 0 0 0
4301244590 0 0 0
4301244590 0 0 0
4301244590 0 0 0
4301244590 0 0 0
4301244603 0 0 0
4301244603 0 0 0
4301244603 0 0 0
4301244603 0 0 0
4301244603 0 0 0
4301244603 0 0 0
4301244603 0 0 0
4301244603 0 0 0
4301244603 0 0 0
4301244603 0 0 0
4301244603 0 0 0
4301244616 0 0 0
4301244616 0 0 0
4301244616 0 0 0
4301244616 0 0 0
4301244616 0 0 0
4301244616 0 0 0
4301244616 0 0 0
4301244616 0 0 0
4301244616 0 0 0
4301244616 0 0 0
4301244616 0 0 0
4301244629 0 0 0
4301244629 0 0 0
4301244629 0 0 0
4301244629 0 0 0
4301244629 0 0 0
4301244629 0 0 0
4301244629 0 0 0
4301244629 0 0 0
4301244629 0 0 0
4301244629 0 0 0
4301244629 0 0 0
4301244642 0 0 0
4301244642 0 0 0
4301244642 0 0 0
4301244642 0 0 0
4301244642 0 0 0
4301244642 0 0 0
4301244642 0 0 0
4301244642 0 0 0
4301244642 0 0 0
4301244642 0 0 0
4301244642 0 0 0
4301244655 0 0 0
4301244655 0 0 0
4301244655 0 0 0
4301244655 0 0 0
4301244655 0 0 0
4301244655 0 0 0
4301244655 0 0 0
4301244655 0 0 0
4301244655 0 0 0
4301244655 0 0 0
4301244655 0 0 0
4301244668 0 0 0
4301244668 0 0 0
4301244668 0 0 0
4301244668 721 0 1000
4301244668 0 0 0
4301244668 0 0 0
4301244668 0 0 0
4301244668 0 0 0
4301244668 0 0 0
4301244668 721 0 1000
4301244668 0 0 0
4301244681 721 0 1000
4301244681 721 0 1000
4301244681 111 0 1000
4301244681 0 0 0
4301244681 721 0 1000
4301244681 721 0 0
4301244681 721 0 0
4301244681 721 0 0
4301244681 721 0 0
4301244681 0 0 0
4301244681 721 0 0
4301244694 0 0 0
4301244694 0 0 0
4301244694 610 0 0
4301244694 0 0 0
4301244694 0 0 0
4301244694 0 0 0
4301244694 0 0 0
4301244694 0 0 0
4301244694 0 0 0
4301244694 0 0 0
4301244694 0 0 0
4301244707 0 0 0
4301244707 0 0 0
4301244707 0 0 0
4301244707 0 0 0
4301244707 0 0 0
4301244707 0 0 0
4301244707 0 0 0
4301244707 0 0 0
4301244707 0 0 0
4301244707 0 0 0
4301244707 0 0 0
4301244720 0 0 0
4301244720 0 0 0
4301244720 0 0 0
4301244720 0 0 0
4301244720 0 0 0
4301244720 0 0 0
4301244720 0 0 0
4301244720 0 0 0
4301244720 0 0 0
4301244720 0 0 0
4301244720 0 0 0
4301244733 0 0 0
4301244733 0 0 0
4301244733 0 0 0
4301244733 0 0 0
4301244733 0 0 0
4301244733 0 0 0
4301244733 0 0 0
4301244733 0 0 0
4301244733 0 0 0
4301244733 0 0 0
4301244733 0 0 0
4301244746 0 0 0
4301244746 0 0 0
4301244746 0 0 0
4301244746 0 0 0
4301244746 0 0 0
4301244746 0 0 0
4301244746 0 0 0
4301244746 0 0 0
4301244746 0 0 0
4301244746 0 0 0
4301244746 0 0 0
4301244759 0 0 0
4301244759 0 0 0
4301244759 0 0 0
4301244759 0 0 0
4301244759 0 0 0
4301244759 0 0 0
4301244759 0 0 0
4301244759 0 0 0
4301244759 0 0 0
4301244759 0 0 0
4301244759 0 0 0
4301244772 0 0 0
4301244772 0 0 0
4301244772 0 0 0
4301244772 0 0 0
4301244772 0 0 0
4301244772 0 0 0
4301244772 0 0 0
4301244772 0 0 0
4301244772 0 0 0
4301244772 0 0 0
4301244772 0 0 0
4301244785 0 0 0
4301244785 0 0 0
4301244785 0 0 0
4301244785 0 0 0
4301244785 0 0 0
4301244785 0 0 0
4301244785 0 0 0
4301244785 0 0 0
4301244785 0 0 0
4301244785 0 0 0
4301244785 0 0 0
4301244798 0 0 0
4301244798 0 0 0
4301244798 0 0 0
4301244798 0 0 0
4301244798 0 0 0
4301244798 0 0 0
4301244798 0 0 0
4301244798 0 0 0
4301244798 0 0 0
4301244798 0 0 0
4301244798 0 0 0
4301244811 0 0 0
4301244811 0 0 0
4301244811 0 0 0
4301244811 0 0 0
4301244811 0 0 0
4301244811 0 0 0
4301244811 0 0 0
4301244811 0 0 0
4301244811 0 0 0
4301244811 0 0 0
4301244811 0 0 0
4301244824 0 0 0
4301244824 0 0 0
4301244824 0 0 0
4301244824 0 0 0
4301244824 0 0 0
4301244824 0 0 0
4301244824 0 0 0
4301244824 0 0 0
4301244824 0 0 0
4301244824 0 0 0
4301244824 0 0 0
4301244837 0 0 0
4301244837 0 0 0
4301244837 0 0 0
4301244837 0 0 0
4301244837 0 0 0
4301244837 0 0 0
4301244837 0 0 0
4301244837 0 0 0
4301244837 0 0 0
4301244837 0 0 0
4301244837 0 0 0
4301244850 0 0 0
4301244850 0 0 0
4301244850 0 0 0
4301244850 0 0 0
4301244850 0 0 0
4301244850 0 0 0
4301244850 0 0 0
4301244850 0 0 0
4301244850 0 0 0
4301244850 0 0 0
4301244850 0 0 0
4301244863 0 0 0
4301244863 0 0 0
4301244863 0 0 0
4301244863 0 0 0
4301244863 0 0 0
4301244863 0 0 0
4301244863 0 0 0
4301244863 0 0 0
4301244863 0 0 0
4301244863 0 0 0
4301244863 0 0 0
4301244876 0 0 0
4301244876 0 0 0
4301244876 0 0 0
4301244876 0 0 0
4301244876 0 0 0
4301244876 0 0 0
4301244876 0 0 0
4301244876 0 0 0
4301244876 0 0 0
4301244876 0 0 0
4301244876 0 0 0
4301244889 0 0 0
4301244889 0 0 0
4301244889 0 0 0
4301244889 0 0 0
4301244889 0 0 0
4301244889 0 0 0
4301244889 0 0 0
4301244889 0 0 0
4301244889 0 0 0
4301244889 0 0 0
4301244889 0 0 0
4301244902 0 0 0
4301244902 0 0 0
4301244902 0 0 0
4301244902 0 0 0
4301244902 0 0 0
4301244902 0 0 0
4301244902 0 0 0
4301244902 0 0 0
4301244902 0 0 0
4301244902 0 0 0
4301244902 0 0 0
4301244915 0 0 0
4301244915 0 0 0
4301244915 0 0 0
4301244915 0 0 0
4301244915 0 0 0
4301244915 0 0 0
4301244915 0 0 0
4301244915 0 0 0
4301244915 0 0 0
4301244915 621 0 1000
4301244915 0 0 0
4301244928 621 0 0
4301244928 0 0 0
4301244928 0 0 0
4301244928 621 0 0
4301244928 621 0 1000
4301244928 621 0 1000
4301244928 621 0 1000
4301244928 0 0 0
4301244928 0 0 0
4301244928 0 0 0
4301244928 0 0 0
4301244941 0 0 0
4301244941 621 0 1000
4301244941 621 0 0
4301244941 0 0 0
4301244941 0 0 0
4301244941 0 0 0
4301244941 0 0 0
4301244941 621 0 1000
4301244941 621 0 1000
4301244941 0 0 0
4301244941 621 0 1000
4301244954 0 0 0
4301244954 0 0 0
4301244954 0 0 0
4301244954 0 0 0
4301244954 0 0 0
4301244954 0 0 0
4301244954 0 0 0
4301244954 0 0 0
4301244954 0 0 0
4301244954 0 0 0
4301244954 0 0 0
4301244967 0 0 0
4301244967 0 0 0
4301244967 0 0 0
4301244967 0 0 0
4301244967 0 0 0
4301244967 0 0 0
4301244967 0 0 0
4301244967 0 0 0
4301244967 0 0 0
4301244967 0 0 0
4301244967 0 0 0
4301244980 0 0 0
4301244980 0 0 0
4301244980 0 0 0
4301244980 0 0 0
4301244980 0 0 0
4301244980 0 0 0
4301244980 0 0 0
4301244980 0 0 0
4301244980 0 0 0
4301244980 0 0 0
4301244980 0 0 0
4301244993 0 0 0
4301244993 0 0 0
4301244993 0 0 0
4301244993 0 0 0
4301244993 0 0 0
4301244993 0 0 0
4301244993 0 0 0
4301244993 0 0 0
4301244993 0 0 0
4301244993 0 0 0
4301244993 0 0 0
4301245006 0 0 0
4301245006 0 0 0
4301245006 0 0 0
4301245006 0 0 0
4301245006 0 0 0
4301245006 0 0 0
4301245006 0 0 0
4301245006 0 0 0
4301245006 0 0 0
4301245006 0 0 0
4301245006 0 0 0
4301245019 0 0 0
4301245019 0 0 0
4301245019 0 0 0
4301245019 0 0 0
4301245019 0 0 0
4301245019 0 0 0
4301245019 0 0 0
4301245019 0 0 0
4301245019 0 0 0
4301245019 0 0 0
4301245019 0 0 0
4301245032 0 0 0
4301245032 0 0 0
4301245032 0 0 0
4301245032 0 0 0
4301245032 0 0 0
4301245032 0 0 0
4301245032 0 0 0
4301245032 0 0 0
4301245032 0 0 0
4301245032 0 0 0
4301245032 0 0 0
4301245045 0 0 0
4301245045 0 0 0
4301245045 0 0 0
4301245045 0 0 0
4301245045 0 0 0
4301245045 0 0 0
4301245045 0 0 0
4301245045 0 0 0
4301245045 0 0 0
4301245045 0 0 0
4301245045 0 0 0
4301245058 0 0 0
4301245058 0 0 0
4301245058 0 0 0
4301245058 0 0 0
4301245058 0 0 0
4301245058 0 0 0
4301245058 0 0 0
4301245058 0 0 0
4301245058 0 0 0
4301245058 0 0 0
4301245058 0 0 0
4301245071 0 0 0
4301245071 0 0 0
4301245071 0 0 0
4301245071 0 0 0
4301245071 0 0 0
4301245071 0 0 0
4301245071 0 0 0
4301245071 0 0 0
4301245071 0 0 0
4301245071 0 0 0
4301245071 0 0 0
4301245084 0 0 0
4301245084 0 0 0
4301245084 0 0 0
4301245084 0 0 0
4301245084 0 0 0
4301245084 0 0 0
4301245084 0 0 0
4301245084 0 0 0
4301245084 0 0 0
4301245084 0 0 0
4301245084 0 0 0
4301245097 0 0 0
4301245097 0 0 0
4301245097 0 0 0
4301245097 0 0 0
4301245097 0 0 0
4301245097 0 0 0
4301245097 0 0 0
4301245097 0 0 0
4301245097 0 0 0
4301245097 0 0 0
4301245097 0 0 0
4301245110 0 0 0
4301245110 0 0 0
4301245110 0 0 0
4301245110 0 0 0
4301245110 0 0 0
4301245110 0 0 0
4301245110 0 0 0
4301245110 0 0 0
4301245110 0 0 0
4301245110 0 0 0
4301245110 0 0 0
4301245123 0 0 0
4301245123 0 0 0
4301245123 0 0 0
4301245123 0 0 0
4301245123 0 0 0
4301245123 0 0 0
4301245123 0 0 0
4301245123 0 0 0
4301245123 0 0 0
4301245123 0 0 0
4301245123 0 0 0
4301245136 0 0 0
4301245136 0 0 0
4301245136 0 0 0
4301245136 0 0 0
4301245136 0 0 0
4301245136 0 0 0
4301245136 0 0 0
4301245136 0 0 0
4301245136 0 0 0
4301245136 0 0 0
4301245136 0 0 0
4301245149 0 0 0
4301245149 0 0 0
4301245149 0 0 0
4301245149 0 0 0
4301245149 0 0 0
4301245149 0 0 0
4301245149 0 0 0
4301245149 0 0 0
4301245149 0 0 0
4301245149 0 0 0
4301245149 0 0 0
4301245162 0 0 0
4301245162 0 0 0
4301245162 0 0 0
4301245162 0 0 0
4301245162 0 0 0
4301245162 0 0 0
4301245162 0 0 0
4301245162 0 0 0
4301245162 0 0 0
4301245162 0 0 0
4301245162 0 0 0
4301245175 265 0 1000
4301245175 0 0 0
4301245175 0 0 0
4301245175 481 0 1000
4301245175 481 0 0
4301245175 481 0 0
4301245175 0 0 0
4301245175 0 0 0
4301245175 0 0 0
4301245175 481 0 0
4301245175 0 0 0
4301245188 216 0 0
4301245188 481 0 0
4301245188 481 0 1000
4301245188 0 0 0
4301245188 0 0 0
4301245188 0 0 0
4301245188 481 0 0
4301245188 481 0 0
4301245188 481 0 0
4301245188 0 0 0
4301245188 481 0 0
4301245201 0 0 0
4301245201 0 0 0
4301245201 0 0 0
4301245201 0 0 0
4301245201 0 0 0
4301245201 0 0 0
4301245201 0 0 0
4301245201 0 0 0
4301245201 0 0 0
4301245201 0 0 0
4301245201 0 0 0
4301245214 0 0 0
4301245214 0 0 0
4301245214 0 0 0
4301245214 0 0 0
4301245214 0 0 0
4301245214 0 0 0
4301245214 0 0 0
4301245214 0 0 0
4301245214 0 0 0
4301245214 0 0 0
4301245214 0 0 0
4301245227 0 0 0
4301245227 0 0 0
4301245227 0 0 0
4301245227 0 0 0
4301245227 0 0 0
4301245227 0 0 0
4301245227 0 0 0
4301245227 0 0 0
4301245227 0 0 0
4301245227 0 0 0
4301245227 0 0 0
4301245240 0 0 0
4301245240 0 0 0
4301245240 0 0 0
4301245240 0 0 0
4301245240 0 0 0
4301245240 0 0 0
4301245240 0 0 0
4301245240 0 0 0
4301245240 0 0 0
4301245240 0 0 0
4301245240 0 0 0
4301245253 0 0 0
4301245253 0 0 0
4301245253 0 0 0
4301245253 0 0 0
4301245253 0 0 0
4301245253 0 0 0
4301245253 0 0 0
4301245253 0 0 0
4301245253 0 0 0
4301245253 0 0 0
4301245253 0 0 0
4301245266 0 0 0
4301245266 0 0 0
4301245266 0 0 0
4301245266 0 0 0
4301245266 0 0 0
4301245266 0 0 0
4301245266 0 0 0
4301245266 0 0 0
4301245266 0 0 0
4301245266 0 0 0
4301245266 0 0 0
4301245279 0 0 0
4301245279 0 0 0
4301245279 0 0 0
4301245279 0 0 0
4301245279 0 0 0
4301245279 0 0 0
4301245279 0 0 0
4301245279 0 0 0
4301245279 0 0 0
4301245279 0 0 0
4301245279 0 0 0
4301245292 0 0 0
4301245292 0 0 0
4301245292 0 0 0
4301245292 0 0 0
4301245292 0 0 0
4301245292 0 0 0
4301245292 0 0 0
4301245292 0 0 0
4301245292 0 0 0
4301245292 0 0 0
4301245292 0 0 0
4301245305 0 0 0
4301245305 0 0 0
4301245305 0 0 0
4301245305 0 0 0
4301245305 0 0 0
4301245305 0 0 0
4301245305 0 0 0
4301245305 0 0 0
4301245305 0 0 0
4301245305 0 0 0
4301245305 0 0 0
4301245318 0 0 0
4301245318 0 0 0
4301245318 0 0 0
4301245318 0 0 0
4301245318 0 0 0
4301245318 0 0 0
4301245318 0 0 0
4301245318 0 0 0
4301245318 0 0 0
4301245318 0 0 0
4301245318 0 0 0
4301245331 0 0 0
4301245331 0 0 0
4301245331 0 0 0
4301245331 0 0 0
4301245331 0 0 0
4301245331 0 0 0
4301245331 0 0 0
4301245331 0 0 0
4301245331 0 0 0
4301245331 0 0 0
4301245331 0 0 0
4301245344 0 0 0
4301245344 0 0 0
4301245344 0 0 0
4301245344 0 0 0
4301245344 0 0 0
4301245344 0 0 0
4301245344 0 0 0
4301245344 0 0 0
4301245344 0 0 0
4301245344 0 0 0
4301245344 0 0 0
4301245357 0 0 0
4301245357 0 0 0
4301245357 0 0 0
4301245357 0 0 0
4301245357 0 0 0
4301245357 0 0 0
4301245357 0 0 0
4301245357 0 0 0
4301245357 0 0 0
4301245357 0 0 0
4301245357 0 0 0
4301245370 0 0 0
4301245370 0 0 0
4301245370 0 0 0
4301245370 0 0 0
4301245370 0 0 0
4301245370 0 0 0
4301245370 0 0 0
4301245370 0 0 0
4301245370 0 0 0
4301245370 0 0 0
4301245370 0 0 0
4301245383 0 0 0
4301245383 0 0 0
4301245383 0 0 0
4301245383 0 0 0
4301245383 0 0 0
4301245383 0 0 0
4301245383 0 0 0
4301245383 0 0 0
4301245383 0 0 0
4301245383 0 0 0
4301245383 0 0 0
4301245396 0 0 0
4301245396 0 0 0
4301245396 0 0 0
4301245396 0 0 0
4301245396 0 0 0
4301245396 0 0 0
4301245396 0 0 0
4301245396 0 0 0
4301245396 0 0 0
4301245396 0 0 0
4301245396 0 0 0
4301245409 0 0 0
4301245409 0 0 0
4301245409 0 0 0
4301245409 0 0 0
4301245409 0 0 0
4301245409 0 0 0
4301245409 0 0 0
4301245409 0 0 0
4301245409 0 0 0
4301245409 0 0 0
4301245409 0 0 0
4301245422 0 0 0
4301245422 0 0 0
4301245422 0 0 0
4301245422 398 0 0
4301245422 0 0 0
4301245422 0 0 0
4301245422 0 0 0
4301245422 0 0 0
4301245422 0 0 0
4301245422 398 0 0
4301245422 0 0 0
4301245435 398 0 0
4301245435 398 0 1000
4301245435 398 0 0
4301245435 0 0 0
4301245435 398 0 1000
4301245435 398 0 0
4301245435 398 0 0
4301245435 398 0 1000
4301245435 398 0 1000
4301245435 0 0 0
4301245435 398 0 1000
4301245448 0 0 0
4301245448 0 0 0
4301245448 0 0 0
4301245448 0 0 0
4301245448 0 0 0
4301245448 0 0 0
4301245448 0 0 0
4301245448 0 0 0
4301245448 0 0 0
4301245448 0 0 0
4301245448 0 0 0
4301245461 0 0 0
4301245461 0 0 0
4301245461 0 0 0
4301245461 0 0 0
4301245461 0 0 0
4301245461 0 0 0
4301245461 0 0 0
4301245461 0 0 0
4301245461 0 0 0
4301245461 0 0 0
4301245461 0 0 0
4301245474 0 0 0
4301245474 0 0 0
4301245474 0 0 0
4301245474 0 0 0
4301245474 0 0 0
4301245474 0 0 0
4301245474 0 0 0
4301245474 0 0 0
4301245474 0 0 0
4301245474 0 0 0
4301245474 0 0 0
4301245487 0 0 0
4301245487 0 0 0
4301245487 0 0 0
4301245487 0 0 0
4301245487 0 0 0
4301245487 0 0 0
4301245487 0 0 0
4301245487 0 0 0
4301245487 0 0 0
4301245487 0 0 0
4301245487 0 0 0
4301245500 0 0 0
4301245500 0 0 0
4301245500 0 0 0
4301245500 0 0 0
4301245500 0 0 0
4301245500 0 0 0
4301245500 0 0 0
4301245500 0 0 0
4301245500 0 0 0
4301245500 0 0 0
4301245500 0 0 0
4301245513 0 0 0
4301245513 0 0 0
4301245513 0 0 0
4301245513 0 0 0
4301245513 0 0 0
4301245513 0 0 0
4301245513 0 0 0
4301245513 0 0 0
4301245513 0 0 0
4301245513 0 0 0
4301245513 0 0 0
4301245526 0 0 0
4301245526 0 0 0
4301245526 0 0 0
4301245526 0 0 0
4301245526 0 0 0
4301245526 0 0 0
4301245526 0 0 0
4301245526 0 0 0
4301245526 0 0 0
4301245526 0 0 0
4301245526 0 0 0
4301245539 0 0 0
4301245539 0 0 0
4301245539 0 0 0
4301245539 0 0 0
4301245539 0 0 0
4301245539 0 0 0
4301245539 0 0 0
4301245539 0 0 0
4301245539 0 0 0
4301245539 0 0 0
4301245539 0 0 0
4301245552 0 0 0
4301245552 0 0 0
4301245552 0 0 0
4301245552 0 0 0
4301245552 0 0 0
4301245552 0 0 0
4301245552 0 0 0
4301245552 0 0 0
4301245552 0 0 0
4301245552 0 0 0
4301245552 0 0 0
4301245565 0 0 0
4301245565 0 0 0
4301245565 0 0 0
4301245565 0 0 0
4301245565 0 0 0
4301245565 0 0 0
4301245565 0 0 0
4301245565 0 0 0
4301245565 0 0 0
4301245565 0 0 0
4301245565 0 0 0
4301245578 0 0 0
4301245578 0 0 0
4301245578 0 0 0
4301245578 0 0 0
4301245578 0 0 0
4301245578 0 0 0
4301245578 0 0 0
4301245578 0 0 0
4301245578 0 0 0
4301245578 0 0 0
4301245578 0 0 0
4301245591 0 0 0
4301245591 0 0 0
4301245591 0 0 0
4301245591 0 0 0
4301245591 0 0 0
4301245591 0 0 0
4301245591 0 0 0
4301245591 0 0 0
4301245591 0 0 0
4301245591 0 0 0
4301245591 0 0 0
4301245604 0 0 0
4301245604 0 0 0
4301245604 0 0 0
4301245604 0 0 0
4301245604 0 0 0
4301245604 0 0 0
4301245604 0 0 0
4301245604 0 0 0
4301245604 0 0 0
4301245604 0 0 0
4301245604 0 0 0
4301245617 0 0 0
4301245617 0 0 0
4301245617 0 0 0
4301245617 0 0 0
4301245617 0 0 0
4301245617 0 0 0
4301245617 0 0 0
4301245617 0 0 0
4301245617 0 0 0
4301245617 0 0 0
4301245617 0 0 0
4301245630 0 0 0
4301245630 0 0 0
4301245630 0 0 0
4301245630 0 0 0
4301245630 0 0 0
4301245630 0 0 0
4301245630 0 0 0
4301245630 0 0 0
4301245630 0 0 0
4301245630 0 0 0
4301245630 0 0 0
4301245643 0 0 0
4301245643 0 0 0
4301245643 0 0 0
4301245643 0 0 0
4301245643 0 0 0
4301245643 0 0 0
4301245643 0 0 0
4301245643 0 0 0
4301245643 0 0 0
4301245643 0 0 0
4301245643 0 0 0
4301245656 0 0 0
4301245656 0 0 0
4301245656 0 0 0
4301245656 0 0 0
4301245656 0 0 0
4301245656 0 0 0
4301245656 0 0 0
4301245656 0 0 0
4301245656 0 0 0
4301245656 0 0 0
4301245656 0 0 0
4301245669 0 0 0
4301245669 0 0 0
4301245669 0 0 0
4301245669 347 0 1000
4301245669 0 0 0
4301245669 0 0 0
4301245669 0 0 0
4301245669 0 0 0
4301245669 0 0 0
4301245669 347 0 1000
4301245669 0 0 0
4301245682 347 0 1000
4301245682 0 0 0
4301245682 0 0 0
4301245682 0 0 0
4301245682 347 0 0
4301245682 347 0 1000
4301245682 347 0 1000
4301245682 0 0 0
4301245682 347 0 0
4301245682 0 0 0
4301245682 0 0 0
4301245695 0 0 0
4301245695 347 0 0
4301245695 347 0 1000
4301245695 0 0 0
4301245695 0 0 0
4301245695 0 0 0
4301245695 0 0 0
4301245695 347 0 1000
4301245695 0 0 0
4301245695 0 0 0
4301245695 347 0 0
4301245708 0 0 0
4301245708 0 0 0
4301245708 0 0 0
4301245708 0 0 0
4301245708 0 0 0
4301245708 0 0 0
4301245708 0 0 0
4301245708 0 0 0
4301245708 0 0 0
4301245708 0 0 0
4301245708 0 0 0
4301245721 0 0 0
4301245721 0 0 0
4301245721 0 0 0
4301245721 0 0 0
4301245721 0 0 0
4301245721 0 0 0
4301245721 0 0 0
4301245721 0 0 0
4301245721 0 0 0
4301245721 0 0 0
4301245721 0 0 0
4301245734 0 0 0
4301245734 0 0 0
4301245734 0 0 0
4301245734 0 0 0
4301245734 0 0 0
4301245734 0 0 0
4301245734 0 0 0
4301245734 0 0 0
4301245734 0 0 0
4301245734 0 0 0
4301245734 0 0 0
4301245747 0 0 0
4301245747 0 0 0
4301245747 0 0 0
4301245747 0 0 0
4301245747 0 0 0
4301245747 0 0 0
4301245747 0 0 0
4301245747 0 0 0
4301245747 0 0 0
4301245747 0 0 0
4301245747 0 0 0
4301245760 0 0 0
4301245760 0 0 0
4301245760 0 0 0
4301245760 0 0 0
4301245760 0 0 0
4301245760 0 0 0
4301245760 0 0 0
4301245760 0 0 0
4301245760 0 0 0
4301245760 0 0 0
4301245760 0 0 0
4301245773 0 0 0
4301245773 0 0 0
4301245773 0 0 0
4301245773 0 0 0
4301245773 0 0 0
4301245773 0 0 0
4301245773 0 0 0
4301245773 0 0 0
4301245773 0 0 0
4301245773 0 0 0
4301245773 0 0 0
4301245786 0 0 0
4301245786 0 0 0
4301245786 0 0 0
4301245786 0 0 0
4301245786 0 0 0
4301245786 0 0 0
4301245786 0 0 0
4301245786 0 0 0
4301245786 0 0 0
4301245786 0 0 0
4301245786 0 0 0
4301245799 0 0 0
4301245799 0 0 0
4301245799 0 0 0
4301245799 0 0 0
4301245799 0 0 0
4301245799 0 0 0
4301245799 0 0 0
4301245799 0 0 0
4301245799 0 0 0
4301245799 0 0 0
4301245799 0 0 0
4301245812 0 0 0
4301245812 0 0 0
4301245812 0 0 0
4301245812 0 0 0
4301245812 0 0 0
4301245812 0 0 0
4301245812 0 0 0
4301245812 0 0 0
4301245812 0 0 0
4301245812 0 0 0
4301245812 0 0 0
4301245825 0 0 0
4301245825 0 0 0
4301245825 0 0 0
4301245825 0 0 0
4301245825 0 0 0
4301245825 0 0 0
4301245825 0 0 0
4301245825 0 0 0
4301245825 0 0 0
4301245825 0 0 0
4301245825 0 0 0
4301245838 0 0 0
4301245838 0 0 0
4301245838 0 0 0
4301245838 0 0 0
4301245838 0 0 0
4301245838 0 0 0
4301245838 0 0 0
4301245838 0 0 0
4301245838 0 0 0
4301245838 0 0 0
4301245838 0 0 0
4301245851 0 0 0
4301245851 0 0 0
4301245851 0 0 0
4301245851 0 0 0
4301245851 0 0 0
4301245851 0 0 0
4301245851 0 0 0
4301245851 0 0 0
4301245851 0 0 0
4301245851 0 0 0
4301245851 0 0 0
4301245864 0 0 0
4301245864 0 0 0
4301245864 0 0 0
4301245864 0 0 0
4301245864 0 0 0
4301245864 0 0 0
4301245864 0 0 0
4301245864 0 0 0
4301245864 0 0 0
4301245864 0 0 0
4301245864 0 0 0
4301245877 0 0 0
4301245877 0 0 0
4301245877 0 0 0
4301245877 0 0 0
4301245877 0 0 0
4301245877 0 0 0
4301245877 0 0 0
4301245877 0 0 0
4301245877 0 0 0
4301245877 0 0 0
4301245877 0 0 0
4301245890 0 0 0
4301245890 0 0 0
4301245890 0 0 0
4301245890 0 0 0
4301245890 0 0 0
4301245890 0 0 0
4301245890 0 0 0
4301245890 0 0 0
4301245890 0 0 0
4301245890 0 0 0
4301245890 0 0 0
4301245903 0 0 0
4301245903 0 0 0
4301245903 0 0 0
4301245903 0 0 0
4301245903 0 0 0
4301245903 0 0 0
4301245903 0 0 0
4301245903 0 0 0
4301245903 0 0 0
4301245903 0 0 0
4301245903 0 0 0
4301245916 0 0 0
4301245916 0 0 0
4301245916 0 0 0
4301245916 0 0 0
4301245916 0 0 0
4301245916 0 0 0
4301245916 0 0 0
4301245916 0 0 0
4301245916 0 0 0
4301245916 249 0 0
4301245916 0 0 0
4301245929 249 0 0
4301245929 0 0 0
4301245929 0 0 0
4301245929 249 0 0
4301245929 249 0 1000
4301245929 249 0 0
4301245929 249 0 0
4301245929 0 0 0
4301245929 0 0 0
4301245929 0 0 0
4301245929 0 0 0
4301245942 0 0 0
4301245942 249 0 0
4301245942 249 0 0
4301245942 0 0 0
4301245942 0 0 0
4301245942 0 0 0
4301245942 0 0 0
4301245942 249 0 0
4301245942 249 0 1000
4301245942 0 0 0
4301245942 249 0 1000
4301245955 0 0 0
4301245955 0 0 0
4301245955 0 0 0
4301245955 0 0 0
4301245955 0 0 0
4301245955 0 0 0
4301245955 0 0 0
4301245955 0 0 0
4301245955 0 0 0
4301245955 0 0 0
4301245955 0 0 0
4301245968 0 0 0
4301245968 0 0 0
4301245968 0 0 0
4301245968 0 0 0
4301245968 0 0 0
4301245968 0 0 0
4301245968 0 0 0
4301245968 0 0 0
4301245968 0 0 0
4301245968 0 0 0
4301245968 0 0 0
4301245981 0 0 0
4301245981 0 0 0
4301245981 0 0 0
4301245981 0 0 0
4301245981 0 0 0
4301245981 0 0 0
4301245981 0 0 0
4301245981 0 0 0
4301245981 0 0 0
4301245981 0 0 0
4301245981 0 0 0
4301245994 0 0 0
4301245994 0 0 0
4301245994 0 0 0
4301245994 0 0 0
4301245994 0 0 0
4301245994 0 0 0
4301245994 0 0 0
4301245994 0 0 0
4301245994 0 0 0
4301245994 0 0 0
4301245994 0 0 0
4301246007 0 0 0
4301246007 0 0 0
4301246007 0 0 0
4301246007 0 0 0
4301246007 0 0 0
4301246007 0 0 0
4301246007 0 0 0
4301246007 0 0 0
4301246007 0 0 0
4301246007 0 0 0
4301246007 0 0 0
4301246020 0 0 0
4301246020 0 0 0
4301246020 0 0 0
4301246020 0 0 0
4301246020 0 0 0
4301246020 0 0 0
4301246020 0 0 0
4301246020 0 0 0
4301246020 0 0 0
4301246020 0 0 0
4301246020 0 0 0
4301246033 0 0 0
4301246033 0 0 0
4301246033 0 0 0
4301246033 0 0 0
4301246033 0 0 0
4301246033 0 0 0
4301246033 0 0 0
4301246033 0 0 0
4301246033 0 0 0
4301246033 0 0 0
4301246033 0 0 0
4301246046 0 0 0
4301246046 0 0 0
4301246046 0 0 0
4301246046 0 0 0
4301246046 0 0 0
4301246046 0 0 0
4301246046 0 0 0
4301246046 0 0 0
4301246046 0 0 0
4301246046 0 0 0
4301246046 0 0 0
4301246059 0 0 0
4301246059 0 0 0
4301246059 0 0 0
4301246059 0 0 0
4301246059 0 0 0
4301246059 0 0 0
4301246059 0 0 0
4301246059 0 0 0
4301246059 0 0 0
4301246059 0 0 0
4301246059 0 0 0
4301246072 0 0 0
4301246072 0 0 0
4301246072 0 0 0
4301246072 0 0 0
4301246072 0 0 0
4301246072 0 0 0
4301246072 0 0 0
4301246072 0 0 0
4301246072 0 0 0
4301246072 0 0 0
4301246072 0 0 0
4301246085 0 0 0
4301246085 0 0 0
4301246085 0 0 0
4301246085 0 0 0
4301246085 0 0 0
4301246085 0 0 0
4301246085 0 0 0
4301246085 0 0 0
4301246085 0 0 0
4301246085 0 0 0
4301246085 0 0 0
4301246098 0 0 0
4301246098 0 0 0
4301246098 0 0 0
4301246098 0 0 0
4301246098 0 0 0
4301246098 0 0 0
4301246098 0 0 0
4301246098 0 0 0
4301246098 0 0 0
4301246098 0 0 0
4301246098 0 0 0
4301246111 0 0 0
4301246111 0 0 0
4301246111 0 0 0
4301246111 0 0 0
4301246111 0 0 0
4301246111 0 0 0
4301246111 0 0 0
4301246111 0 0 0
4301246111 0 0 0
4301246111 0 0 0
4301246111 0 0 0
4301246124 0 0 0
4301246124 0 0 0
4301246124 0 0 0
4301246124 0 0 0
4301246124 0 0 0
4301246124 0 0 0
4301246124 0 0 0
4301246124 0 0 0
4301246124 0 0 0
4301246124 0 0 0
4301246124 0 0 0
4301246137 0 0 0
4301246137 0 0 0
4301246137 0 0 0
4301246137 0 0 0
4301246137 0 0 0
4301246137 0 0 0
4301246137 0 0 0
4301246137 0 0 0
4301246137 0 0 0
4301246137 0 0 0
4301246137 0 0 0
4301246150 0 0 0
4301246150 0 0 0
4301246150 0 0 0
4301246150 0 0 0
4301246150 0 0 0
4301246150 0 0 0
4301246150 0 0 0
4301246150 0 0 0
4301246150 0 0 0
4301246150 0 0 0
4301246150 0 0 0
4301246163 0 0 0
4301246163 0 0 0
4301246163 0 0 0
4301246163 0 0 0
4301246163 0 0 0
4301246163 0 0 0
4301246163 0 0 0
4301246163 0 0 0
4301246163 0 0 0
4301246163 0 0 0
4301246163 0 0 0
4301246176 0 0 0
4301246176 0 0 0
4301246176 0 0 0
4301246176 237 0 1000
4301246176 237 0 0
4301246176 237 0 0
4301246176 0 0 0
4301246176 0 0 0
4301246176 0 0 0
4301246176 237 0 1000
4301246176 0 0 0
4301246189 237 0 0
4301246189 237 0 0
4301246189 237 0 1000
4301246189 0 0 0
4301246189 0 0 0
4301246189 0 0 0
4301246189 237 0 1000
4301246189 237 0 1000
4301246189 237 0 0
4301246189 0 0 0
4301246189 237 0 0
4301246202 0 0 0
4301246202 0 0 0
4301246202 0 0 0
4301246202 0 0 0
4301246202 0 0 0
4301246202 0 0 0
4301246202 0 0 0
4301246202 0 0 0
4301246202 0 0 0
4301246202 0 0 0
4301246202 0 0 0
4301246215 0 0 0
4301246215 0 0 0
4301246215 0 0 0
4301246215 0 0 0
4301246215 0 0 0
4301246215 0 0 0
4301246215 0 0 0
4301246215 0 0 0
4301246215 0 0 0
4301246215 0 0 0
4301246215 0 0 0
4301246228 0 0 0
4301246228 0 0 0
4301246228 0 0 0
4301246228 0 0 0
4301246228 0 0 0
4301246228 0 0 0
4301246228 0 0 0
4301246228 0 0 0
4301246228 0 0 0
4301246228 0 0 0
4301246228 0 0 0
4301246241 0 0 0
4301246241 0 0 0
4301246241 0 0 0
4301246241 0 0 0
4301246241 0 0 0
4301246241 0 0 0
4301246241 0 0 0
4301246241 0 0 0
4301246241 0 0 0
4301246241 0 0 0
4301246241 0 0 0
4301246254 0 0 0
4301246254 0 0 0
4301246254 0 0 0
4301246254 0 0 0
4301246254 0 0 0
4301246254 0 0 0
4301246254 0 0 0
4301246254 0 0 0
4301246254 0 0 0
4301246254 0 0 0
4301246254 0 0 0
4301246267 0 0 0
4301246267 0 0 0
4301246267 0 0 0
4301246267 0 0 0
4301246267 0 0 0
4301246267 0 0 0
4301246267 0 0 0
4301246267 0 0 0
4301246267 0 0 0
4301246267 0 0 0
4301246267 0 0 0
4301246280 0 0 0
4301246280 0 0 0
4301246280 0 0 0
4301246280 0 0 0
4301246280 0 0 0
4301246280 0 0 0
4301246280 0 0 0
4301246280 0 0 0
4301246280 0 0 0
4301246280 0 0 0
4301246280 0 0 0
4301246293 0 0 0
4301246293 0 0 0
4301246293 0 0 0
4301246293 0 0 0
4301246293 0 0 0
4301246293 0 0 0
4301246293 0 0 0
4301246293 0 0 0
4301246293 0 0 0
4301246293 0 0 0
4301246293 0 0 0
4301246306 0 0 0
4301246306 0 0 0
4301246306 0 0 0
4301246306 0 0 0
4301246306 0 0 0
4301246306 0 0 0
4301246306 0 0 0
4301246306 0 0 0
4301246306 0 0 0
4301246306 0 0 0
4301246306 0 0 0
4301246319 0 0 0
4301246319 0 0 0
4301246319 0 0 0
4301246319 0 0 0
4301246319 0 0 0
4301246319 0 0 0
4301246319 0 0 0
4301246319 0 0 0
4301246319 0 0 0
4301246319 0 0 0
4301246319 0 0 0
4301246332 0 0 0
4301246332 0 0 0
4301246332 0 0 0
4301246332 0 0 0
4301246332 0 0 0
4301246332 0 0 0
4301246332 0 0 0
4301246332 0 0 0
4301246332 0 0 0
4301246332 0 0 0
4301246332 0 0 0
4301246345 0 0 0
4301246345 0 0 0
4301246345 0 0 0
4301246345 0 0 0
4301246345 0 0 0
4301246345 0 0 0
4301246345 0 0 0
4301246345 0 0 0
4301246345 0 0 0
4301246345 0 0 0
4301246345 0 0 0
4301246358 0 0 0
4301246358 0 0 0
4301246358 0 0 0
4301246358 0 0 0
4301246358 0 0 0
4301246358 0 0 0
4301246358 0 0 0
4301246358 0 0 0
4301246358 0 0 0
4301246358 0 0 0
4301246358 0 0 0
4301246371 0 0 0
4301246371 0 0 0
4301246371 0 0 0
4301246371 0 0 0
4301246371 0 0 0
4301246371 0 0 0
4301246371 0 0 0
4301246371 0 0 0
4301246371 0 0 0
4301246371 0 0 0
4301246371 0 0 0
4301246384 0 0 0
4301246384 0 0 0
4301246384 0 0 0
4301246384 0 0 0
4301246384 0 0 0
4301246384 0 0 0
4301246384 0 0 0
4301246384 0 0 0
4301246384 0 0 0
4301246384 0 0 0
4301246384 0 0 0
4301246397 0 0 0
4301246397 0 0 0
4301246397 0 0 0
4301246397 0 0 0
4301246397 0 0 0
4301246397 0 0 0
4301246397 0 0 0
4301246397 0 0 0
4301246397 0 0 0
4301246397 0 0 0
4301246397 0 0 0
4301246410 0 0 0
4301246410 0 0 0
4301246410 0 0 0
4301246410 0 0 0
4301246410 0 0 0
4301246410 0 0 0
4301246410 0 0 0
4301246410 0 0 0
4301246410 0 0 0
4301246410 0 0 0
4301246410 0 0 0
4301246423 0 0 0
4301246423 0 0 0
4301246423 0 0 0
4301246423 0 0 0
4301246423 0 0 0
4301246423 0 0 0
4301246423 0 0 0
4301246423 0 0 0
4301246423 0 0 0
4301246436 0 0 3000
4301246436 0 0 1000
4301246436 0 0 2000
4301246436 0 0 4000
4301246436 0 0 1000
